0 0.355469 0.262500 0.079687 0.111111
0 0.916406 0.030556 0.095312 0.044444
0 0.794922 0.052778 0.080469 0.069444
0 0.855859 0.176389 0.086719 0.061111
0 0.661328 0.266667 0.075781 0.080556
0 0.366016 0.459722 0.025781 0.144444
0 0.716797 0.432639 0.057031 0.095833
0 0.858984 0.486111 0.022656 0.122222
0 0.901172 0.534722 0.019531 0.138889
0 0.952734 0.633333 0.047656 0.136111
0 0.940234 0.776389 0.047656 0.108333
0 0.907031 0.924306 0.050000 0.098611
0 0.667969 0.888194 0.034375 0.137500
0 0.388672 0.815972 0.035156 0.120833
0 0.522656 0.688194 0.059375 0.123611
0 0.521484 0.944444 0.077344 0.072222
0 0.452344 0.967361 0.100000 0.065278
