0 0.714844 0.099306 0.101563 0.051389
0 0.886719 0.418056 0.020312 0.127778
0 0.862500 0.447222 0.070313 0.061111
0 0.978906 0.706250 0.031250 0.151389
0 0.835938 0.959722 0.026563 0.075000
0 0.645703 0.793750 0.100781 0.048611
0 0.675000 0.910417 0.106250 0.040278
0 0.759375 0.977083 0.054688 0.040278
0 0.485938 0.487500 0.064062 0.055556
0 0.441406 0.685417 0.092188 0.040278
0 0.471094 0.852083 0.045313 0.104167
0 0.488672 0.919444 0.060156 0.091667
0 0.464844 0.893056 0.065625 0.091667
0 0.285937 0.218056 0.059375 0.030556
0 0.283984 0.439583 0.077344 0.043056
0 0.298047 0.765278 0.019531 0.127778
0 0.286328 0.648611 0.046094 0.116667
0 0.353125 0.754861 0.050000 0.106944
0 0.360547 0.656944 0.039844 0.133333
