0 0.337500 0.015972 0.059375 0.051389
0 0.564844 0.115278 0.018750 0.141667
0 0.412891 0.130556 0.083594 0.052778
0 0.558203 0.279167 0.102344 0.052778
0 0.494531 0.406944 0.096875 0.066667
0 0.685156 0.531250 0.031250 0.137500
0 0.774609 0.484722 0.038281 0.041667
0 0.794141 0.618750 0.052344 0.115278
0 0.791016 0.705556 0.064844 0.072222
0 0.712109 0.903472 0.100781 0.031944
0 0.672656 0.867361 0.104687 0.051389
0 0.603516 0.845833 0.024219 0.130556
0 0.579297 0.857639 0.057031 0.104167
0 0.247656 0.811806 0.026563 0.148611
0 0.241406 0.273611 0.098438 0.055556
0 0.069922 0.844444 0.038281 0.125000
0 0.022656 0.913194 0.040625 0.054167
0 0.034375 0.958333 0.068750 0.069444
0 0.096875 0.263889 0.070313 0.066667
0 0.064453 0.168056 0.071094 0.075000
0 0.198828 0.127083 0.094531 0.084722
0 0.219141 0.079861 0.046094 0.070833
