0 0.624219 0.047917 0.029687 0.104167
0 0.838281 0.240278 0.042188 0.152778
0 0.889844 0.567361 0.060938 0.093056
0 0.786328 0.425000 0.103906 0.044444
0 0.671875 0.304167 0.032812 0.075000
0 0.697656 0.297917 0.039063 0.123611
0 0.691406 0.771528 0.101563 0.043056
0 0.782422 0.903472 0.032031 0.084722
0 0.542969 0.868750 0.084375 0.090278
0 0.268750 0.638889 0.042188 0.141667
0 0.378125 0.570139 0.039063 0.131944
0 0.307422 0.345139 0.088281 0.059722
0 0.241016 0.490278 0.083594 0.072222
0 0.294141 0.885417 0.038281 0.070833
0 0.412500 0.875000 0.114063 0.058333
0 0.426172 0.942361 0.064844 0.076389
0 0.445703 0.936111 0.077344 0.091667
0 0.482812 0.952778 0.076563 0.075000
0 0.103906 0.415972 0.020312 0.081944
0 0.150391 0.448611 0.086719 0.036111
0 0.099609 0.200000 0.049219 0.111111
0 0.126172 0.234722 0.072656 0.069444
0 0.127344 0.306944 0.035937 0.111111
0 0.171484 0.311111 0.053906 0.066667
