0 0.711328 0.224306 0.046094 0.120833
0 0.669141 0.304167 0.111719 0.027778
0 0.784375 0.674306 0.092188 0.040278
0 0.856250 0.763889 0.112500 0.055556
0 0.919141 0.074306 0.091406 0.098611
0 0.784766 0.056944 0.105469 0.066667
0 0.632813 0.182639 0.084375 0.037500
0 0.481641 0.034722 0.027344 0.052778
0 0.496875 0.091667 0.096875 0.077778
0 0.428906 0.287500 0.017188 0.163889
0 0.493359 0.256944 0.055469 0.033333
0 0.383594 0.226389 0.037500 0.144444
0 0.214062 0.318750 0.068750 0.045833
0 0.069141 0.598611 0.091406 0.047222
0 0.109375 0.543056 0.095312 0.055556
0 0.206250 0.616667 0.060938 0.063889
0 0.246484 0.736806 0.038281 0.115278
0 0.247656 0.569444 0.075000 0.072222
0 0.300781 0.527778 0.081250 0.055556
0 0.314453 0.647917 0.013281 0.093056
0 0.289063 0.614583 0.075000 0.087500
0 0.464453 0.688889 0.058594 0.119444
0 0.487891 0.529167 0.107031 0.050000
0 0.510938 0.422917 0.015625 0.181944
0 0.526563 0.493750 0.048437 0.095833
0 0.526563 0.184722 0.048437 0.069444
0 0.545313 0.331944 0.101563 0.072222
0 0.521484 0.361111 0.066406 0.100000
0 0.434375 0.415972 0.096875 0.076389
0 0.379297 0.359028 0.100781 0.056944
0 0.361719 0.294444 0.034375 0.063889
0 0.439063 0.334722 0.085938 0.063889
0 0.348828 0.322917 0.039844 0.029167
0 0.480469 0.290278 0.031250 0.041667
0 0.526563 0.572222 0.029687 0.036111
