0 0.344922 0.027778 0.088281 0.044444
0 0.605469 0.113889 0.059375 0.072222
0 0.693359 0.443750 0.039844 0.126389
0 0.078906 0.213194 0.028125 0.137500
0 0.170703 0.421528 0.046094 0.134722
0 0.053125 0.436806 0.043750 0.045833
0 0.054688 0.475694 0.101563 0.031944
0 0.135547 0.805556 0.030469 0.136111
0 0.186328 0.861111 0.058594 0.122222
0 0.229297 0.930556 0.060156 0.038889
0 0.266797 0.951389 0.033594 0.055556
0 0.370703 0.515278 0.082031 0.080556
0 0.362891 0.458333 0.067969 0.052778
0 0.419922 0.393056 0.032031 0.052778
0 0.451562 0.351389 0.046875 0.061111
0 0.489453 0.536806 0.080469 0.051389
0 0.498047 0.600694 0.066406 0.037500
0 0.445313 0.637500 0.040625 0.130556
0 0.416797 0.712500 0.072656 0.038889
0 0.386719 0.918750 0.089062 0.101389
0 0.512891 0.844444 0.027344 0.130556
0 0.484766 0.872917 0.042969 0.126389
0 0.631641 0.815972 0.074219 0.045833
0 0.630469 0.678472 0.039063 0.120833
0 0.692969 0.725694 0.039063 0.131944
0 0.534375 0.940278 0.093750 0.091667
