0 0.387109 0.025694 0.089844 0.034722
0 0.542969 0.101389 0.065625 0.061111
0 0.337109 0.086111 0.024219 0.127778
0 0.337891 0.279167 0.099219 0.038889
0 0.196094 0.227778 0.020312 0.127778
0 0.061719 0.126389 0.050000 0.111111
0 0.147656 0.226389 0.093750 0.050000
0 0.216016 0.027083 0.063281 0.040278
0 0.184766 0.486111 0.017969 0.130556
0 0.223438 0.570139 0.023438 0.126389
0 0.309766 0.677083 0.088281 0.087500
0 0.058203 0.911806 0.075781 0.065278
0 0.358203 0.951389 0.086719 0.055556
0 0.515625 0.529167 0.089062 0.044444
0 0.586328 0.318056 0.097656 0.047222
0 0.647656 0.402083 0.035937 0.109722
0 0.741797 0.411111 0.064844 0.047222
0 0.794141 0.575694 0.027344 0.129167
0 0.773438 0.592361 0.032812 0.029167
0 0.698828 0.615278 0.078906 0.094444
0 0.850391 0.898611 0.049219 0.141667
