0 0.829687 0.224306 0.048437 0.143056
0 0.892578 0.561111 0.071094 0.100000
0 0.787891 0.422917 0.107031 0.045833
0 0.697266 0.293056 0.041406 0.125000
0 0.669531 0.296528 0.025000 0.081944
0 0.621484 0.047917 0.027344 0.095833
0 0.322656 0.334028 0.090625 0.051389
0 0.364062 0.548611 0.042188 0.133333
0 0.271875 0.639583 0.043750 0.151389
0 0.230078 0.468056 0.067969 0.075000
0 0.104687 0.413194 0.025000 0.093056
0 0.156250 0.434722 0.079687 0.072222
0 0.207031 0.040278 0.028125 0.066667
0 0.103906 0.180556 0.045313 0.097222
0 0.105078 0.237500 0.055469 0.058333
0 0.135547 0.285417 0.038281 0.126389
0 0.172266 0.297917 0.067969 0.059722
0 0.404687 0.866667 0.106250 0.061111
0 0.419922 0.943056 0.060156 0.077778
0 0.485938 0.956250 0.051562 0.062500
0 0.534375 0.852083 0.081250 0.090278
0 0.693750 0.778472 0.109375 0.054167
0 0.778125 0.917361 0.032812 0.084722
