0 0.901953 0.077778 0.088281 0.097222
0 0.783594 0.047917 0.103125 0.068056
0 0.704687 0.218750 0.051562 0.115278
0 0.665625 0.306944 0.103125 0.033333
0 0.629297 0.185417 0.080469 0.034722
0 0.777734 0.667361 0.085156 0.037500
0 0.853516 0.757639 0.110156 0.031944
0 0.461328 0.674306 0.053906 0.118056
0 0.250781 0.730556 0.043750 0.122222
0 0.203125 0.311111 0.057813 0.044444
0 0.066797 0.597222 0.083594 0.052778
0 0.101953 0.538889 0.096094 0.047222
0 0.314844 0.640972 0.017188 0.118056
0 0.217578 0.599306 0.060156 0.084722
0 0.273438 0.540972 0.098438 0.043056
0 0.213281 0.525694 0.050000 0.070833
0 0.291406 0.594444 0.064062 0.072222
0 0.491016 0.095139 0.097656 0.073611
0 0.520312 0.180556 0.054688 0.047222
0 0.492969 0.252083 0.045313 0.026389
0 0.423828 0.270139 0.025781 0.120833
0 0.383594 0.223611 0.035937 0.141667
0 0.480859 0.522917 0.105469 0.034722
0 0.509375 0.419444 0.031250 0.155556
0 0.524219 0.495139 0.053125 0.104167
0 0.433594 0.416667 0.093750 0.066667
0 0.355078 0.347917 0.055469 0.054167
0 0.360547 0.294444 0.030469 0.066667
0 0.410937 0.363194 0.045313 0.037500
0 0.455078 0.294444 0.032031 0.041667
0 0.450781 0.322917 0.028125 0.034722
0 0.530859 0.321528 0.113281 0.059722
0 0.508203 0.345833 0.072656 0.100000
