0 0.862500 0.047222 0.031250 0.069444
0 0.627344 0.158333 0.051562 0.088889
0 0.369531 0.072917 0.087500 0.068056
0 0.119922 0.243750 0.028906 0.134722
0 0.073047 0.036111 0.060156 0.047222
0 0.205859 0.433333 0.036719 0.133333
0 0.093750 0.488889 0.103125 0.038889
0 0.090234 0.468750 0.038281 0.045833
0 0.167969 0.815278 0.021875 0.133333
0 0.216016 0.863194 0.050781 0.106944
0 0.278516 0.941667 0.088281 0.061111
0 0.455469 0.685417 0.015625 0.148611
0 0.443750 0.721528 0.075000 0.040278
0 0.396875 0.531250 0.081250 0.079167
0 0.392969 0.470833 0.068750 0.069444
0 0.440625 0.406250 0.025000 0.026389
0 0.475391 0.399306 0.088281 0.079167
0 0.701953 0.465972 0.041406 0.118056
0 0.710938 0.741667 0.046875 0.116667
0 0.518750 0.618750 0.085938 0.043056
0 0.515625 0.566667 0.085938 0.063889
0 0.634375 0.700000 0.039063 0.116667
0 0.642187 0.811806 0.054688 0.045833
0 0.528516 0.843750 0.024219 0.140278
0 0.503125 0.890972 0.043750 0.112500
0 0.544141 0.955556 0.086719 0.083333
0 0.393750 0.952778 0.085938 0.072222
