0 0.064453 0.135417 0.047656 0.120833
0 0.148047 0.234028 0.080469 0.048611
0 0.200391 0.229861 0.035156 0.129167
0 0.343359 0.287500 0.100781 0.044444
0 0.346094 0.081944 0.029687 0.152778
0 0.412109 0.034028 0.096094 0.040278
0 0.565234 0.107639 0.060156 0.043056
0 0.610156 0.325000 0.090625 0.061111
0 0.667578 0.412500 0.038281 0.111111
0 0.767187 0.422222 0.073437 0.050000
0 0.820703 0.596528 0.028906 0.162500
0 0.796484 0.613889 0.030469 0.038889
0 0.720703 0.646528 0.077344 0.123611
0 0.534375 0.547222 0.106250 0.041667
0 0.185937 0.498611 0.028125 0.141667
0 0.225781 0.592361 0.020312 0.129167
0 0.287891 0.726389 0.096094 0.077778
0 0.057422 0.949306 0.080469 0.068056
0 0.873438 0.920139 0.056250 0.131944
0 0.375391 0.977778 0.088281 0.038889
