0 0.104297 0.418056 0.024219 0.100000
0 0.161328 0.428472 0.075781 0.076389
0 0.110547 0.183333 0.042969 0.094444
0 0.116406 0.225694 0.084375 0.070833
0 0.134375 0.286806 0.025000 0.101389
0 0.181250 0.297222 0.064062 0.055556
0 0.332812 0.324306 0.089062 0.054167
0 0.221484 0.450000 0.050781 0.080556
0 0.273828 0.638889 0.039844 0.138889
0 0.364844 0.544444 0.046875 0.133333
0 0.673828 0.297222 0.028906 0.069444
0 0.703516 0.297222 0.036719 0.130556
0 0.630469 0.047222 0.028125 0.083333
0 0.829687 0.212500 0.042188 0.130556
0 0.790625 0.423611 0.096875 0.050000
0 0.902734 0.546528 0.075781 0.087500
0 0.693750 0.775694 0.106250 0.048611
0 0.775391 0.925694 0.038281 0.073611
0 0.533203 0.850000 0.078906 0.077778
0 0.406641 0.865278 0.114844 0.061111
0 0.423828 0.946528 0.063281 0.073611
0 0.495313 0.966667 0.065625 0.055556
0 0.209766 0.036111 0.036719 0.072222
