0 0.285156 0.143750 0.046875 0.098611
0 0.506250 0.109028 0.070313 0.112500
0 0.910547 0.291667 0.078906 0.147222
0 0.231641 0.234028 0.086719 0.126389
0 0.176563 0.107639 0.076563 0.123611
0 0.104297 0.272222 0.028906 0.169444
0 0.061328 0.460417 0.105469 0.106944
0 0.109375 0.381944 0.078125 0.102778
0 0.043359 0.631944 0.050781 0.155556
0 0.161719 0.652778 0.134375 0.038889
0 0.035937 0.852778 0.059375 0.086111
0 0.285156 0.882639 0.037500 0.176389
0 0.410937 0.145139 0.118750 0.104167
0 0.377344 0.222222 0.082813 0.133333
0 0.328125 0.336111 0.114063 0.102778
0 0.518359 0.620833 0.032031 0.166667
0 0.678125 0.786806 0.065625 0.159722
0 0.650781 0.915278 0.146875 0.050000
0 0.791797 0.905556 0.049219 0.055556
