0 0.292969 0.197222 0.031250 0.191667
0 0.087109 0.377083 0.050781 0.159722
0 0.207813 0.767361 0.084375 0.118056
0 0.376953 0.496528 0.036719 0.176389
0 0.516406 0.423611 0.128125 0.066667
0 0.412500 0.729861 0.039063 0.056944
0 0.634375 0.749306 0.034375 0.181944
0 0.582422 0.935417 0.122656 0.118056
0 0.633594 0.864583 0.075000 0.104167
0 0.701953 0.575000 0.074219 0.130556
0 0.764453 0.718056 0.088281 0.130556
0 0.814062 0.618056 0.045313 0.091667
0 0.860547 0.811806 0.108594 0.095833
0 0.943359 0.629861 0.110156 0.093056
0 0.911328 0.690972 0.085156 0.129167
