0 0.319922 0.362500 0.092969 0.061111
0 0.350000 0.265278 0.079687 0.086111
0 0.373437 0.799306 0.028125 0.131944
0 0.444531 0.956944 0.100000 0.063889
0 0.498437 0.838194 0.053125 0.104167
0 0.510156 0.676389 0.057813 0.091667
0 0.657031 0.875000 0.034375 0.130556
0 0.646875 0.268056 0.070313 0.069444
0 0.699219 0.429861 0.056250 0.104167
0 0.766406 0.284028 0.067188 0.093056
0 0.893359 0.450694 0.022656 0.134722
0 0.841016 0.485417 0.016406 0.118056
0 0.810156 0.464583 0.100000 0.056944
0 0.928125 0.621528 0.095312 0.076389
0 0.933594 0.833333 0.042188 0.119444
0 0.863672 0.713889 0.057031 0.102778
