0 0.358594 0.278472 0.103125 0.051389
0 0.237109 0.406944 0.055469 0.080556
0 0.113672 0.374306 0.025781 0.106944
0 0.172656 0.382639 0.085938 0.070833
0 0.112109 0.119444 0.041406 0.083333
0 0.121484 0.159028 0.083594 0.059722
0 0.147656 0.214583 0.043750 0.109722
0 0.179297 0.252083 0.088281 0.087500
0 0.393750 0.509028 0.053125 0.131944
0 0.292969 0.604167 0.045313 0.158333
0 0.434766 0.855556 0.121094 0.066667
0 0.571875 0.833333 0.095312 0.097222
0 0.457812 0.938194 0.079687 0.081944
0 0.515625 0.943750 0.082813 0.073611
0 0.747266 0.754861 0.113281 0.037500
0 0.835547 0.922222 0.044531 0.102778
0 0.725391 0.243750 0.027344 0.068056
0 0.750000 0.247222 0.042188 0.144444
0 0.847266 0.372917 0.116406 0.048611
0 0.888672 0.160417 0.053906 0.145833
0 0.962500 0.515278 0.073437 0.111111
