0 0.625781 0.136806 0.065625 0.087500
0 0.361328 0.054861 0.091406 0.048611
0 0.105859 0.235417 0.022656 0.140278
0 0.192969 0.428472 0.037500 0.115278
0 0.077734 0.468056 0.028906 0.044444
0 0.078516 0.487500 0.096094 0.038889
0 0.699219 0.464583 0.040625 0.134722
0 0.705469 0.733333 0.040625 0.111111
0 0.630078 0.695833 0.042969 0.108333
0 0.643359 0.811806 0.058594 0.040278
0 0.520703 0.844444 0.021094 0.138889
0 0.456250 0.702778 0.031250 0.133333
0 0.434766 0.720833 0.074219 0.030556
0 0.433984 0.395139 0.041406 0.029167
0 0.391406 0.525694 0.085938 0.073611
0 0.380078 0.469444 0.066406 0.069444
0 0.477344 0.394444 0.076563 0.069444
0 0.505859 0.554861 0.077344 0.045833
0 0.510938 0.606250 0.082813 0.048611
0 0.159766 0.804861 0.021094 0.126389
0 0.203906 0.868750 0.056250 0.104167
0 0.269531 0.938889 0.087500 0.058333
0 0.276172 0.956250 0.035156 0.037500
0 0.368359 0.972222 0.067969 0.050000
0 0.492578 0.887500 0.038281 0.105556
0 0.523438 0.957639 0.071875 0.070833
