0 0.845703 0.759722 0.111719 0.050000
0 0.772656 0.663194 0.100000 0.043056
0 0.658984 0.297917 0.105469 0.029167
0 0.705469 0.216667 0.056250 0.116667
0 0.627734 0.181250 0.080469 0.043056
0 0.887109 0.071528 0.089844 0.084722
0 0.782031 0.050694 0.085938 0.084722
0 0.457031 0.675000 0.068750 0.125000
0 0.478516 0.028472 0.028906 0.056944
0 0.489844 0.097222 0.098438 0.072222
0 0.513672 0.184028 0.044531 0.068056
0 0.426953 0.266667 0.016406 0.147222
0 0.384375 0.218056 0.034375 0.133333
0 0.514063 0.424306 0.026563 0.168056
0 0.484375 0.520139 0.101563 0.026389
0 0.522266 0.500000 0.055469 0.116667
0 0.195703 0.306250 0.055469 0.051389
0 0.102734 0.540972 0.092969 0.040278
0 0.064844 0.592361 0.079687 0.070833
0 0.430078 0.413889 0.102344 0.058333
0 0.310547 0.634722 0.019531 0.130556
0 0.249609 0.742361 0.041406 0.126389
0 0.262500 0.540972 0.114063 0.031944
0 0.224219 0.526389 0.084375 0.100000
0 0.225391 0.599306 0.050781 0.081944
0 0.285937 0.608333 0.064062 0.094444
0 0.361719 0.284722 0.029687 0.061111
0 0.340234 0.336806 0.036719 0.051389
0 0.412500 0.335417 0.100000 0.051389
