0 0.074219 0.131944 0.040625 0.127778
0 0.202344 0.230556 0.023438 0.127778
0 0.157031 0.226389 0.095312 0.050000
0 0.345313 0.097222 0.039063 0.150000
0 0.404297 0.031250 0.086719 0.051389
0 0.336719 0.278472 0.093750 0.045833
0 0.187891 0.465972 0.024219 0.137500
0 0.229297 0.566667 0.022656 0.138889
0 0.066797 0.915972 0.083594 0.084722
0 0.273047 0.695139 0.096094 0.065278
0 0.363281 0.938194 0.089062 0.045833
0 0.518359 0.526389 0.094531 0.033333
0 0.556641 0.110417 0.058594 0.045833
0 0.607813 0.315278 0.087500 0.036111
0 0.648047 0.392361 0.032031 0.106944
0 0.751172 0.408333 0.074219 0.075000
0 0.697656 0.620833 0.070313 0.130556
0 0.847266 0.884028 0.055469 0.148611
0 0.795313 0.568056 0.025000 0.136111
0 0.771875 0.586111 0.043750 0.050000
