0 0.275781 0.634028 0.037500 0.145833
0 0.371094 0.533333 0.043750 0.130556
0 0.337500 0.313194 0.100000 0.065278
0 0.108203 0.400694 0.021094 0.106944
0 0.225781 0.444444 0.051562 0.080556
0 0.160156 0.413889 0.079687 0.086111
0 0.134766 0.261111 0.027344 0.116667
0 0.171875 0.292361 0.082813 0.090278
0 0.114844 0.202778 0.082813 0.058333
0 0.111328 0.162500 0.042969 0.083333
0 0.633984 0.040278 0.022656 0.069444
0 0.840625 0.201389 0.045313 0.136111
0 0.800781 0.411806 0.093750 0.031944
0 0.912891 0.551389 0.078906 0.125000
0 0.707812 0.776389 0.110937 0.075000
0 0.790625 0.918750 0.037500 0.109722
0 0.543359 0.840972 0.078906 0.079167
0 0.412891 0.868056 0.114844 0.050000
0 0.492578 0.953472 0.096094 0.073611
0 0.431250 0.940972 0.065625 0.054167
0 0.685156 0.274306 0.023438 0.087500
0 0.713281 0.277778 0.031250 0.138889
