0 0.944531 0.135417 0.029687 0.115278
0 0.792578 0.059028 0.085156 0.073611
0 0.702344 0.052778 0.084375 0.086111
0 0.554688 0.159722 0.070313 0.038889
0 0.625391 0.190278 0.046094 0.086111
0 0.588281 0.268056 0.095312 0.044444
0 0.459375 0.156250 0.045313 0.045833
0 0.437500 0.084722 0.085938 0.063889
0 0.176563 0.272917 0.057813 0.048611
0 0.339453 0.195833 0.027344 0.130556
0 0.379297 0.231944 0.014844 0.125000
0 0.324219 0.256944 0.029687 0.041667
0 0.331250 0.308333 0.089062 0.047222
0 0.364453 0.291667 0.082031 0.072222
0 0.436719 0.226389 0.029687 0.044444
0 0.381641 0.366667 0.083594 0.066667
0 0.428516 0.467361 0.102344 0.029167
0 0.408984 0.605556 0.052344 0.100000
0 0.447266 0.302083 0.053906 0.093056
0 0.479688 0.294444 0.089062 0.058333
0 0.455859 0.365278 0.027344 0.105556
0 0.472266 0.422222 0.044531 0.047222
0 0.689062 0.593056 0.082813 0.036111
0 0.755469 0.664583 0.101563 0.054167
0 0.583203 0.939583 0.028906 0.106944
0 0.385938 0.902778 0.059375 0.061111
0 0.137891 0.909722 0.033594 0.111111
0 0.188281 0.933333 0.039063 0.097222
0 0.066016 0.533333 0.083594 0.044444
0 0.100781 0.492361 0.085938 0.045833
0 0.092188 0.916667 0.042188 0.113889
0 0.189844 0.449306 0.034375 0.070833
0 0.239844 0.478472 0.098438 0.034722
0 0.197656 0.536806 0.040625 0.079167
0 0.272656 0.579861 0.015625 0.112500
0 0.256250 0.539583 0.065625 0.065278
0 0.225000 0.648611 0.043750 0.100000
0 0.928906 0.890972 0.070313 0.076389
