0 0.632422 0.156944 0.058594 0.091667
0 0.373828 0.073611 0.086719 0.061111
0 0.121875 0.252083 0.026563 0.126389
0 0.207031 0.440972 0.034375 0.115278
0 0.101953 0.496528 0.097656 0.037500
0 0.092188 0.476389 0.026563 0.047222
0 0.176953 0.814583 0.030469 0.129167
0 0.220313 0.862500 0.050000 0.119444
0 0.285156 0.934722 0.087500 0.047222
0 0.291797 0.965278 0.022656 0.027778
0 0.387891 0.970139 0.074219 0.054167
0 0.442578 0.727083 0.075781 0.029167
0 0.466016 0.709722 0.036719 0.138889
0 0.527734 0.852778 0.019531 0.144444
0 0.503125 0.886111 0.045313 0.102778
0 0.533594 0.964583 0.079687 0.062500
0 0.484375 0.408333 0.090625 0.077778
0 0.700781 0.476389 0.051562 0.125000
0 0.711719 0.730556 0.039063 0.122222
0 0.634766 0.698611 0.036719 0.127778
0 0.642187 0.808333 0.065625 0.061111
0 0.398438 0.536111 0.078125 0.066667
0 0.394922 0.475000 0.066406 0.058333
0 0.511719 0.557639 0.082813 0.059722
0 0.516406 0.613194 0.079687 0.045833
0 0.441797 0.406250 0.033594 0.043056
