0 0.634375 0.044444 0.025000 0.083333
0 0.832422 0.209722 0.044531 0.147222
0 0.796484 0.415278 0.102344 0.038889
0 0.905469 0.547917 0.075000 0.084722
0 0.679688 0.290278 0.028125 0.072222
0 0.705078 0.281250 0.028906 0.129167
0 0.694531 0.768750 0.112500 0.054167
0 0.780078 0.922917 0.036719 0.087500
0 0.535156 0.845139 0.082813 0.101389
0 0.363281 0.531250 0.043750 0.120833
0 0.332031 0.315278 0.092188 0.050000
0 0.219922 0.447917 0.050781 0.087500
0 0.274219 0.635417 0.040625 0.143056
0 0.410156 0.863194 0.115625 0.062500
0 0.426953 0.940972 0.061719 0.068056
0 0.492188 0.951389 0.071875 0.069444
0 0.105078 0.408333 0.024219 0.083333
0 0.158984 0.425694 0.083594 0.068056
0 0.107422 0.165278 0.044531 0.088889
0 0.113672 0.217361 0.077344 0.059722
0 0.138281 0.270833 0.037500 0.108333
0 0.175781 0.297917 0.079687 0.079167
