0 0.760156 0.659028 0.092188 0.056944
0 0.832812 0.749306 0.098438 0.051389
0 0.870313 0.063889 0.093750 0.086111
0 0.774219 0.049306 0.090625 0.062500
0 0.689844 0.212500 0.054688 0.097222
0 0.647656 0.300000 0.106250 0.052778
0 0.482031 0.085417 0.101563 0.065278
0 0.614062 0.173611 0.076563 0.030556
0 0.510547 0.179167 0.057031 0.044444
0 0.378516 0.224306 0.044531 0.143056
0 0.416016 0.256250 0.022656 0.123611
0 0.503125 0.409028 0.032812 0.134722
0 0.526563 0.312500 0.092188 0.069444
0 0.482422 0.332639 0.046094 0.087500
0 0.468359 0.511806 0.092969 0.045833
0 0.510938 0.483333 0.059375 0.105556
0 0.448438 0.662500 0.050000 0.116667
0 0.418359 0.409028 0.088281 0.070833
0 0.362500 0.297222 0.034375 0.069444
0 0.389453 0.340278 0.071094 0.072222
0 0.191406 0.298611 0.056250 0.050000
0 0.066016 0.579861 0.085156 0.043056
0 0.103906 0.540278 0.090625 0.055556
0 0.302734 0.625694 0.019531 0.129167
0 0.241797 0.720139 0.046094 0.123611
0 0.275391 0.590278 0.072656 0.066667
0 0.260156 0.536111 0.110937 0.030556
0 0.216406 0.515972 0.059375 0.076389
0 0.217578 0.591667 0.052344 0.086111
0 0.346484 0.336111 0.057031 0.069444
