0 0.367578 0.063194 0.091406 0.054167
0 0.628906 0.141667 0.064062 0.091667
0 0.701172 0.459028 0.041406 0.120833
0 0.112891 0.241667 0.030469 0.133333
0 0.198437 0.434028 0.042188 0.115278
0 0.083203 0.476389 0.035156 0.055556
0 0.084766 0.483333 0.092969 0.027778
0 0.165234 0.802083 0.021094 0.115278
0 0.213672 0.860417 0.060156 0.101389
0 0.275000 0.928472 0.084375 0.051389
0 0.284375 0.955556 0.035937 0.036111
0 0.375000 0.959722 0.070313 0.052778
0 0.527344 0.964583 0.081250 0.065278
0 0.521875 0.840972 0.018750 0.140278
0 0.494922 0.888889 0.044531 0.100000
0 0.456641 0.707639 0.028906 0.129167
0 0.438281 0.722917 0.078125 0.043056
0 0.476172 0.400000 0.092969 0.063889
0 0.433203 0.397917 0.027344 0.031944
0 0.391406 0.520833 0.076563 0.055556
0 0.391406 0.461111 0.081250 0.044444
0 0.512109 0.562500 0.083594 0.044444
0 0.516797 0.609722 0.074219 0.038889
0 0.628906 0.697917 0.037500 0.120833
0 0.706641 0.736111 0.044531 0.111111
0 0.640625 0.806250 0.054688 0.034722
