0 0.450000 0.091667 0.087500 0.061111
0 0.392188 0.427778 0.053125 0.063889
0 0.325000 0.434028 0.040625 0.090278
0 0.134375 0.204861 0.079687 0.070833
0 0.109766 0.246528 0.077344 0.070833
0 0.272266 0.648611 0.053906 0.050000
0 0.230078 0.603472 0.094531 0.034722
0 0.723047 0.596528 0.080469 0.093056
0 0.683203 0.406944 0.060156 0.100000
0 0.646094 0.307639 0.068750 0.090278
0 0.645703 0.343056 0.080469 0.066667
0 0.076953 0.696528 0.072656 0.062500
0 0.153125 0.891667 0.032812 0.108333
0 0.200391 0.893056 0.083594 0.050000
0 0.123047 0.861806 0.041406 0.076389
0 0.114453 0.909028 0.064844 0.087500
0 0.594141 0.839583 0.060156 0.090278
0 0.306641 0.011806 0.033594 0.065278
