0 0.083984 0.124306 0.038281 0.118056
0 0.168359 0.221528 0.088281 0.054167
0 0.211328 0.218750 0.025781 0.123611
0 0.348437 0.272917 0.085938 0.043056
0 0.197266 0.455556 0.028906 0.133333
0 0.236719 0.558333 0.025000 0.125000
0 0.282031 0.695833 0.089062 0.083333
0 0.071875 0.902083 0.068750 0.062500
0 0.350000 0.089583 0.023438 0.137500
0 0.414453 0.036806 0.083594 0.054167
0 0.566797 0.098611 0.060156 0.036111
0 0.612500 0.313889 0.081250 0.036111
0 0.654297 0.387500 0.032031 0.091667
0 0.753516 0.402083 0.077344 0.068056
0 0.803125 0.565972 0.031250 0.154167
0 0.780078 0.581944 0.035156 0.052778
0 0.523047 0.517361 0.092969 0.043056
0 0.704297 0.604167 0.077344 0.125000
0 0.851563 0.882639 0.060938 0.143056
0 0.370703 0.934028 0.086719 0.048611
