0 0.165625 0.082639 0.073437 0.056944
0 0.166016 0.163194 0.049219 0.137500
0 0.139062 0.206250 0.025000 0.154167
0 0.130469 0.299306 0.029687 0.162500
0 0.092969 0.390278 0.025000 0.088889
0 0.116797 0.521528 0.035156 0.101389
0 0.101172 0.162500 0.053906 0.088889
0 0.061719 0.227083 0.029687 0.095833
0 0.200000 0.518056 0.048437 0.138889
0 0.277344 0.620833 0.040625 0.147222
0 0.225781 0.658333 0.067188 0.116667
0 0.311328 0.736806 0.086719 0.073611
0 0.365234 0.800000 0.107031 0.075000
0 0.421484 0.102083 0.096094 0.026389
0 0.425391 0.413889 0.041406 0.150000
0 0.707812 0.192361 0.098438 0.037500
0 0.822656 0.405556 0.104687 0.036111
0 0.771484 0.444444 0.019531 0.155556
0 0.702344 0.260417 0.054688 0.115278
0 0.855078 0.832639 0.067969 0.090278
0 0.889063 0.970139 0.101563 0.048611
0 0.836719 0.927083 0.064062 0.095833
0 0.716797 0.947222 0.092969 0.086111
0 0.708203 0.834722 0.046094 0.086111
0 0.678906 0.814583 0.042188 0.151389
