0 0.352344 0.042361 0.087500 0.048611
0 0.587500 0.224306 0.035937 0.134722
0 0.725391 0.166667 0.071094 0.102778
0 0.770312 0.464583 0.045313 0.129167
0 0.478516 0.268750 0.053906 0.087500
0 0.082031 0.228472 0.039063 0.120833
0 0.182812 0.427778 0.035937 0.127778
0 0.071094 0.486806 0.092188 0.054167
0 0.148047 0.798611 0.028906 0.119444
0 0.260938 0.940278 0.100000 0.063889
0 0.084766 0.973611 0.069531 0.047222
0 0.383203 0.525000 0.077344 0.058333
0 0.378516 0.458333 0.069531 0.080556
0 0.498047 0.550000 0.083594 0.050000
0 0.498828 0.597222 0.082031 0.050000
0 0.582812 0.617361 0.085938 0.037500
0 0.585156 0.724306 0.042188 0.129167
0 0.574609 0.803472 0.049219 0.034722
0 0.430078 0.720139 0.078906 0.034722
0 0.562500 0.943056 0.070313 0.094444
0 0.509375 0.841667 0.045313 0.105556
0 0.462891 0.844444 0.055469 0.116667
