0 0.970312 0.219444 0.053125 0.130556
0 0.733594 0.045833 0.089062 0.066667
0 0.578516 0.009722 0.110156 0.047222
0 0.700781 0.222917 0.093750 0.065278
0 0.600781 0.200694 0.029687 0.056944
0 0.648047 0.292361 0.094531 0.079167
0 0.579687 0.278472 0.031250 0.034722
0 0.666016 0.501389 0.053906 0.097222
0 0.762109 0.655556 0.096094 0.044444
0 0.833984 0.745139 0.116406 0.051389
0 0.595312 0.631944 0.017188 0.138889
0 0.600781 0.559028 0.065625 0.165278
0 0.451172 0.678472 0.052344 0.126389
0 0.516016 0.484722 0.057031 0.108333
0 0.354297 0.868056 0.089844 0.058333
0 0.363281 0.500694 0.064062 0.048611
0 0.324609 0.404167 0.050781 0.144444
0 0.308594 0.620833 0.018750 0.141667
0 0.244141 0.726389 0.030469 0.125000
0 0.225781 0.654167 0.103125 0.072222
0 0.199219 0.464583 0.037500 0.101389
0 0.123438 0.615972 0.068750 0.051389
0 0.060938 0.624306 0.051562 0.084722
0 0.143750 0.558333 0.090625 0.077778
0 0.071094 0.755556 0.059375 0.105556
0 0.027734 0.835417 0.047656 0.073611
0 0.161328 0.961806 0.019531 0.070833
0 0.507813 0.367361 0.075000 0.093056
0 0.501953 0.127083 0.028906 0.040278
0 0.519531 0.182639 0.103125 0.029167
0 0.486719 0.209028 0.040625 0.126389
0 0.413672 0.108333 0.107031 0.027778
0 0.418750 0.163194 0.082813 0.068056
0 0.382813 0.215972 0.057813 0.104167
0 0.354297 0.264583 0.121094 0.062500
0 0.426953 0.323611 0.069531 0.044444
0 0.370313 0.336806 0.096875 0.076389
0 0.422266 0.408333 0.085156 0.080556
