0 0.453125 0.098611 0.060938 0.091667
0 0.507031 0.057639 0.050000 0.101389
0 0.522656 0.152778 0.031250 0.141667
0 0.692187 0.293056 0.046875 0.063889
0 0.798828 0.555556 0.028906 0.105556
0 0.749219 0.771528 0.059375 0.131944
0 0.675781 0.438889 0.053125 0.091667
0 0.533203 0.512500 0.092969 0.038889
0 0.377734 0.929167 0.080469 0.058333
0 0.100391 0.922917 0.086719 0.029167
0 0.171484 0.220833 0.080469 0.061111
0 0.217969 0.218056 0.025000 0.119444
0 0.282422 0.097222 0.099219 0.047222
0 0.357031 0.087500 0.023438 0.130556
0 0.374609 0.222222 0.071094 0.091667
0 0.232422 0.568056 0.024219 0.047222
0 0.250391 0.534028 0.030469 0.098611
0 0.060156 0.213889 0.057813 0.055556
0 0.039453 0.193056 0.060156 0.097222
