0 0.607422 0.056944 0.033594 0.108333
0 0.675000 0.236806 0.090625 0.043056
0 0.643359 0.299306 0.016406 0.081944
0 0.669141 0.311111 0.050781 0.125000
0 0.776563 0.434722 0.100000 0.027778
0 0.722266 0.495833 0.036719 0.150000
0 0.982031 0.494444 0.034375 0.047222
0 0.807031 0.861806 0.062500 0.051389
0 0.857813 0.970833 0.098438 0.036111
0 0.788672 0.950694 0.069531 0.073611
0 0.674609 0.842361 0.044531 0.079167
0 0.641797 0.836806 0.033594 0.143056
0 0.664063 0.943750 0.106250 0.070833
0 0.403906 0.437500 0.035937 0.150000
0 0.398047 0.144444 0.086719 0.044444
0 0.154687 0.118750 0.075000 0.068056
0 0.163281 0.202083 0.054688 0.112500
0 0.132422 0.250694 0.027344 0.140278
0 0.128125 0.362500 0.021875 0.158333
0 0.085938 0.431250 0.028125 0.095833
0 0.061719 0.232639 0.032812 0.129167
0 0.100000 0.198611 0.054688 0.083333
0 0.111719 0.556944 0.046875 0.108333
0 0.196875 0.551389 0.039063 0.111111
0 0.260938 0.639583 0.026563 0.154167
0 0.280859 0.737500 0.092969 0.086111
0 0.346094 0.820139 0.098438 0.076389
0 0.207422 0.670833 0.052344 0.097222
0 0.023828 0.040278 0.038281 0.061111
0 0.164063 0.030556 0.023438 0.055556
0 0.201953 0.040972 0.033594 0.068056
