0 0.968359 0.220139 0.061719 0.062500
0 0.953906 0.215972 0.067188 0.123611
0 0.871094 0.012500 0.096875 0.044444
0 0.715234 0.037500 0.078906 0.058333
0 0.555469 0.015278 0.103125 0.038889
0 0.683203 0.220833 0.083594 0.077778
0 0.633984 0.295833 0.088281 0.044444
0 0.567187 0.271528 0.034375 0.045833
0 0.588281 0.200694 0.029687 0.062500
0 0.657031 0.500000 0.046875 0.077778
0 0.739844 0.647222 0.092188 0.036111
0 0.815625 0.723611 0.109375 0.050000
0 0.581641 0.621528 0.024219 0.143056
0 0.579687 0.507639 0.057813 0.151389
0 0.507422 0.470139 0.057031 0.112500
0 0.490625 0.357639 0.076563 0.095833
0 0.507031 0.183333 0.096875 0.036111
0 0.482031 0.129861 0.023438 0.054167
0 0.480469 0.200694 0.050000 0.120833
0 0.387891 0.108333 0.094531 0.027778
0 0.407422 0.163194 0.080469 0.079167
0 0.380859 0.206944 0.058594 0.097222
0 0.409375 0.306250 0.081250 0.037500
0 0.412891 0.399306 0.080469 0.073611
0 0.360938 0.325694 0.090625 0.068056
0 0.346094 0.267361 0.109375 0.068056
0 0.313672 0.403472 0.053906 0.131944
0 0.357422 0.481944 0.052344 0.044444
0 0.438672 0.655556 0.061719 0.127778
0 0.360938 0.841667 0.085938 0.066667
0 0.301172 0.597917 0.032031 0.137500
0 0.237500 0.703472 0.028125 0.137500
0 0.218359 0.635417 0.097656 0.059722
0 0.190625 0.464583 0.037500 0.095833
0 0.121484 0.615972 0.063281 0.048611
0 0.121484 0.542361 0.099219 0.059722
0 0.065234 0.609722 0.049219 0.083333
0 0.061328 0.752083 0.055469 0.118056
0 0.021875 0.802778 0.039063 0.088889
0 0.048047 0.968056 0.035156 0.058333
0 0.162500 0.956250 0.035937 0.081944
