0 0.089844 0.051389 0.085938 0.030556
0 0.091016 0.234722 0.042969 0.125000
0 0.364062 0.048611 0.089062 0.047222
0 0.591797 0.238889 0.046094 0.133333
0 0.717188 0.179167 0.075000 0.108333
0 0.759766 0.515278 0.039844 0.150000
0 0.492578 0.265972 0.050781 0.087500
0 0.196094 0.425000 0.029687 0.108333
0 0.083203 0.498611 0.082031 0.061111
0 0.159375 0.794444 0.031250 0.130556
0 0.273047 0.940278 0.105469 0.080556
0 0.089062 0.975694 0.084375 0.043056
0 0.391406 0.532639 0.082813 0.065278
0 0.391016 0.461111 0.064844 0.069444
0 0.504687 0.548611 0.084375 0.044444
0 0.589063 0.618056 0.090625 0.038889
0 0.508203 0.610417 0.086719 0.054167
0 0.582422 0.746528 0.033594 0.106944
0 0.578125 0.797222 0.051562 0.038889
0 0.436328 0.714583 0.069531 0.048611
0 0.510938 0.847222 0.035937 0.108333
0 0.467969 0.849306 0.060938 0.095833
0 0.560547 0.950694 0.072656 0.073611
