0 0.157813 0.217361 0.084375 0.059722
0 0.204688 0.220139 0.035937 0.140278
0 0.040625 0.210417 0.068750 0.059722
0 0.024219 0.193750 0.050000 0.101389
0 0.272656 0.106944 0.107813 0.044444
0 0.348047 0.090278 0.019531 0.133333
0 0.364844 0.234722 0.078125 0.083333
0 0.434766 0.087500 0.071094 0.091667
0 0.501562 0.125694 0.042188 0.123611
0 0.511328 0.047222 0.055469 0.077778
0 0.680859 0.295139 0.049219 0.073611
0 0.672656 0.452083 0.048437 0.104167
0 0.797266 0.572917 0.028906 0.137500
0 0.753906 0.761111 0.057813 0.147222
0 0.533594 0.526389 0.104687 0.036111
0 0.224609 0.586111 0.025781 0.058333
0 0.240234 0.559028 0.035156 0.109722
0 0.373437 0.936806 0.089062 0.056944
0 0.082813 0.928472 0.092188 0.037500
