0 0.022656 0.045833 0.042188 0.066667
0 0.212891 0.039583 0.028906 0.054167
0 0.150781 0.088194 0.070313 0.054167
0 0.166797 0.181944 0.060156 0.113889
0 0.139453 0.262500 0.025781 0.152778
0 0.112891 0.174306 0.049219 0.104167
0 0.067188 0.227778 0.035937 0.108333
0 0.132813 0.362500 0.023438 0.161111
0 0.087500 0.409028 0.026563 0.104167
0 0.108984 0.556250 0.032031 0.118056
0 0.203125 0.549306 0.051562 0.154167
0 0.270312 0.635417 0.037500 0.140278
0 0.274219 0.721528 0.106250 0.081944
0 0.205859 0.675694 0.049219 0.095833
0 0.353125 0.816667 0.089062 0.058333
0 0.410547 0.134028 0.102344 0.040278
0 0.414063 0.434028 0.028125 0.154167
0 0.626172 0.045139 0.027344 0.090278
0 0.700000 0.226389 0.092188 0.050000
0 0.672266 0.296528 0.050781 0.090278
0 0.787891 0.421528 0.085156 0.034722
0 0.730078 0.499306 0.025781 0.151389
0 0.820703 0.861806 0.058594 0.065278
0 0.877344 0.963194 0.098438 0.040278
0 0.798047 0.958333 0.069531 0.072222
0 0.690625 0.845833 0.042188 0.058333
0 0.649609 0.838889 0.016406 0.150000
0 0.639844 0.928472 0.110937 0.068056
