0 0.296094 0.201389 0.042188 0.063889
0 0.278906 0.429167 0.087500 0.036111
0 0.476953 0.454861 0.060156 0.048611
0 0.430859 0.687500 0.086719 0.044444
0 0.293359 0.777083 0.022656 0.095833
0 0.350781 0.656944 0.051562 0.100000
0 0.347266 0.761111 0.039844 0.097222
0 0.332422 0.779861 0.055469 0.104167
0 0.643359 0.800694 0.085156 0.054167
0 0.662891 0.909722 0.097656 0.055556
0 0.454688 0.843750 0.054688 0.101389
0 0.465234 0.882639 0.063281 0.070833
0 0.486719 0.920139 0.057813 0.095833
0 0.801172 0.933333 0.027344 0.091667
0 0.728516 0.966667 0.041406 0.061111
0 0.722656 0.115278 0.082813 0.050000
0 0.874219 0.434722 0.020312 0.113889
0 0.850391 0.461111 0.063281 0.058333
0 0.970703 0.746528 0.025781 0.148611
