0 0.196094 0.490278 0.040625 0.083333
0 0.309766 0.618750 0.022656 0.134722
0 0.385938 0.857639 0.087500 0.073611
0 0.453906 0.683333 0.048437 0.138889
0 0.247656 0.721528 0.023438 0.129167
0 0.221484 0.645833 0.105469 0.069444
0 0.020703 0.813194 0.036719 0.081944
0 0.056250 0.797222 0.034375 0.088889
0 0.121484 0.649306 0.067969 0.081944
0 0.099609 0.576389 0.077344 0.058333
0 0.063281 0.626389 0.056250 0.066667
0 0.322266 0.408333 0.049219 0.133333
0 0.377344 0.489583 0.064062 0.045833
0 0.555859 0.022222 0.108594 0.033333
0 0.687500 0.518750 0.053125 0.084722
0 0.762500 0.656944 0.085938 0.033333
0 0.835938 0.739583 0.104687 0.026389
0 0.973437 0.227083 0.032812 0.054167
0 0.971484 0.230556 0.055469 0.116667
0 0.735937 0.040278 0.081250 0.075000
0 0.595312 0.493750 0.059375 0.168056
0 0.595703 0.638889 0.032031 0.141667
0 0.651563 0.297222 0.095312 0.061111
0 0.704297 0.229167 0.083594 0.072222
0 0.587109 0.277083 0.022656 0.051389
0 0.599609 0.193056 0.030469 0.080556
0 0.501953 0.211806 0.039844 0.131944
0 0.525391 0.184722 0.100781 0.041667
0 0.377344 0.125694 0.095312 0.037500
0 0.396484 0.213889 0.058594 0.119444
0 0.424609 0.167361 0.075781 0.073611
0 0.354688 0.275694 0.104687 0.059722
0 0.421094 0.320139 0.073437 0.037500
0 0.500000 0.364583 0.079687 0.104167
0 0.516016 0.479167 0.067969 0.111111
0 0.370313 0.339583 0.098438 0.070833
0 0.419141 0.405556 0.096094 0.072222
