0 0.069141 0.046528 0.091406 0.065278
0 0.076172 0.233333 0.053906 0.122222
0 0.182031 0.424306 0.035937 0.129167
0 0.069922 0.486806 0.094531 0.065278
0 0.353516 0.040972 0.083594 0.051389
0 0.588672 0.243056 0.050781 0.119444
0 0.709375 0.170139 0.070313 0.076389
0 0.482422 0.249306 0.038281 0.090278
0 0.380078 0.515972 0.078906 0.054167
0 0.381641 0.459028 0.071094 0.065278
0 0.742188 0.550694 0.037500 0.159722
0 0.148828 0.804861 0.028906 0.137500
0 0.077344 0.974306 0.095312 0.026389
0 0.260156 0.936806 0.096875 0.059722
0 0.428516 0.714583 0.080469 0.054167
0 0.462500 0.840972 0.053125 0.106944
0 0.504687 0.847917 0.031250 0.106944
0 0.549219 0.952083 0.071875 0.059722
0 0.576953 0.612500 0.094531 0.030556
0 0.497656 0.557639 0.078125 0.034722
0 0.492969 0.611806 0.081250 0.059722
0 0.562891 0.759028 0.024219 0.140278
0 0.576563 0.790972 0.048437 0.031944
