0 0.384375 0.085417 0.023438 0.129167
0 0.400000 0.234722 0.073437 0.094444
0 0.306250 0.101389 0.093750 0.044444
0 0.192578 0.225000 0.088281 0.044444
0 0.245312 0.224306 0.021875 0.120833
0 0.464453 0.088194 0.058594 0.090278
0 0.525781 0.106944 0.048437 0.116667
0 0.542969 0.060417 0.051562 0.087500
0 0.720312 0.304861 0.046875 0.065278
0 0.712109 0.469444 0.044531 0.091667
0 0.836328 0.579167 0.036719 0.130556
0 0.799219 0.753472 0.048437 0.140278
0 0.558984 0.531250 0.094531 0.040278
0 0.403125 0.947917 0.090625 0.054167
0 0.123047 0.940278 0.085156 0.050000
0 0.272266 0.552083 0.042969 0.134722
0 0.072266 0.215278 0.067969 0.050000
0 0.054297 0.204167 0.063281 0.102778
