0 0.017578 0.031250 0.035156 0.059722
0 0.134766 0.054861 0.082031 0.040278
0 0.160156 0.145139 0.059375 0.112500
0 0.119531 0.134722 0.042188 0.105556
0 0.142969 0.259028 0.017188 0.131944
0 0.139062 0.352778 0.020312 0.150000
0 0.087500 0.409028 0.026563 0.095833
0 0.108203 0.536806 0.035156 0.093056
0 0.204297 0.526389 0.050781 0.130556
0 0.274219 0.627083 0.032812 0.126389
0 0.089062 0.193750 0.060938 0.084722
0 0.284375 0.697222 0.098438 0.066667
0 0.215625 0.661111 0.060938 0.080556
0 0.356250 0.809722 0.104687 0.069444
0 0.421094 0.409722 0.032812 0.152778
0 0.415234 0.109722 0.085156 0.038889
0 0.635547 0.043750 0.028906 0.070833
0 0.723047 0.220833 0.082031 0.041667
0 0.664844 0.256944 0.018750 0.077778
0 0.683203 0.293750 0.049219 0.095833
0 0.803125 0.404167 0.098438 0.033333
0 0.742578 0.505556 0.024219 0.158333
0 0.831250 0.872222 0.064062 0.069444
0 0.898828 0.966667 0.099219 0.041667
0 0.665625 0.827778 0.014062 0.150000
0 0.620703 0.909028 0.122656 0.073611
0 0.813281 0.959028 0.070313 0.068056
