0 0.088281 0.056944 0.082813 0.058333
0 0.364844 0.062500 0.082813 0.050000
0 0.091406 0.244444 0.054688 0.088889
0 0.198828 0.438194 0.030469 0.123611
0 0.091016 0.492361 0.099219 0.045833
0 0.166797 0.802778 0.032031 0.116667
0 0.085938 0.972917 0.081250 0.029167
0 0.276953 0.945833 0.096094 0.061111
0 0.494922 0.267361 0.035156 0.081944
0 0.592969 0.268056 0.042188 0.130556
0 0.696484 0.196528 0.071094 0.104167
0 0.738281 0.622917 0.048437 0.137500
0 0.583594 0.622222 0.079687 0.044444
0 0.394141 0.528472 0.072656 0.051389
0 0.391797 0.475694 0.075781 0.056944
0 0.505469 0.563194 0.090625 0.037500
0 0.512500 0.615972 0.070313 0.048611
0 0.437500 0.719444 0.082813 0.036111
0 0.563281 0.783333 0.026563 0.125000
0 0.588672 0.795139 0.053906 0.031944
0 0.517187 0.854167 0.042188 0.108333
0 0.473437 0.854861 0.051562 0.112500
0 0.551562 0.955556 0.070313 0.075000
