0 0.976953 0.197917 0.038281 0.095833
0 0.714063 0.184722 0.076563 0.080556
0 0.658203 0.258333 0.096094 0.058333
0 0.593750 0.229861 0.015625 0.048611
0 0.595703 0.416667 0.057031 0.166667
0 0.708594 0.483333 0.056250 0.105556
0 0.768750 0.616667 0.087500 0.061111
0 0.842188 0.704861 0.110937 0.065278
0 0.605469 0.609722 0.023438 0.136111
0 0.522656 0.444444 0.053125 0.105556
0 0.507422 0.317361 0.082031 0.112500
0 0.510547 0.165278 0.041406 0.136111
0 0.541406 0.146528 0.095312 0.056944
0 0.611328 0.158333 0.038281 0.063889
0 0.373047 0.088889 0.088281 0.050000
0 0.403125 0.173611 0.062500 0.100000
0 0.428906 0.117361 0.082813 0.070833
0 0.428516 0.277083 0.063281 0.043056
0 0.346875 0.232639 0.084375 0.070833
0 0.377734 0.299306 0.096094 0.076389
0 0.426953 0.365278 0.083594 0.061111
0 0.327734 0.370833 0.052344 0.125000
0 0.380469 0.447917 0.067188 0.059722
0 0.456250 0.646528 0.054688 0.126389
0 0.412891 0.815972 0.086719 0.073611
0 0.312891 0.574306 0.032031 0.126389
0 0.201953 0.465972 0.055469 0.079167
0 0.250000 0.695833 0.043750 0.136111
0 0.226563 0.618056 0.106250 0.061111
0 0.168359 0.947917 0.024219 0.090278
0 0.114844 0.609722 0.056250 0.077778
0 0.073047 0.593056 0.052344 0.066667
0 0.091016 0.531944 0.075781 0.066667
0 0.019531 0.795139 0.039063 0.084722
0 0.049609 0.799306 0.055469 0.104167
