0 0.047266 0.214583 0.058594 0.048611
0 0.029297 0.188194 0.057031 0.098611
0 0.171094 0.217361 0.095312 0.056944
0 0.215625 0.221528 0.029687 0.148611
0 0.279687 0.107639 0.095312 0.045833
0 0.355469 0.081250 0.017188 0.126389
0 0.425781 0.079167 0.070313 0.086111
0 0.478125 0.095139 0.045313 0.129167
0 0.510156 0.056250 0.060938 0.079167
0 0.376172 0.231944 0.075781 0.086111
0 0.527734 0.513889 0.097656 0.030556
0 0.678516 0.463194 0.046094 0.112500
0 0.682813 0.297222 0.043750 0.075000
0 0.801953 0.569444 0.024219 0.130556
0 0.775000 0.706250 0.056250 0.118056
0 0.378125 0.929861 0.084375 0.040278
0 0.100391 0.924306 0.088281 0.073611
0 0.250781 0.548611 0.035937 0.086111
0 0.232422 0.578472 0.028906 0.054167
