0 0.640234 0.035417 0.036719 0.059722
0 0.725781 0.213194 0.082813 0.045833
0 0.670313 0.263889 0.023438 0.077778
0 0.688281 0.271528 0.059375 0.112500
0 0.809375 0.405556 0.095312 0.036111
0 0.739844 0.524306 0.023438 0.148611
0 0.417969 0.105556 0.107813 0.047222
0 0.427734 0.413194 0.027344 0.151389
0 0.366016 0.815972 0.111719 0.084722
0 0.591016 0.896528 0.122656 0.056944
0 0.666797 0.825694 0.028906 0.154167
0 0.719922 0.838889 0.036719 0.063889
0 0.834375 0.875000 0.071875 0.080556
0 0.816406 0.960417 0.070313 0.070833
0 0.910156 0.970833 0.104687 0.052778
0 0.132422 0.049306 0.077344 0.048611
0 0.085547 0.191667 0.046094 0.080556
0 0.157813 0.132639 0.068750 0.129167
0 0.118750 0.136806 0.065625 0.112500
0 0.016406 0.042361 0.032812 0.073611
0 0.150781 0.263889 0.026563 0.147222
0 0.134766 0.373611 0.025781 0.144444
0 0.088281 0.405556 0.029687 0.100000
0 0.114453 0.543056 0.041406 0.113889
0 0.212500 0.540278 0.046875 0.127778
0 0.277344 0.629167 0.043750 0.108333
0 0.292578 0.686806 0.111719 0.065278
0 0.218359 0.666667 0.061719 0.080556
