0 0.077734 0.049306 0.075781 0.056944
0 0.356641 0.046528 0.092969 0.056944
0 0.691016 0.202083 0.078906 0.098611
0 0.723437 0.650694 0.043750 0.145833
0 0.587500 0.257639 0.042188 0.126389
0 0.493359 0.244444 0.030469 0.094444
0 0.083984 0.230556 0.047656 0.102778
0 0.187500 0.422917 0.040625 0.151389
0 0.081250 0.490972 0.092188 0.059722
0 0.153906 0.808333 0.032812 0.125000
0 0.064453 0.976389 0.091406 0.038889
0 0.269531 0.936111 0.098438 0.052778
0 0.435156 0.725694 0.078125 0.065278
0 0.447266 0.822222 0.071094 0.133333
0 0.508594 0.843750 0.046875 0.115278
0 0.539063 0.954861 0.075000 0.076389
0 0.383594 0.522917 0.082813 0.062500
0 0.386719 0.466667 0.076563 0.061111
0 0.499609 0.557639 0.091406 0.056944
0 0.503516 0.608333 0.075781 0.052778
0 0.578125 0.609722 0.090625 0.050000
0 0.582031 0.784722 0.062500 0.036111
0 0.556641 0.782639 0.046094 0.134722
