0 0.893750 0.022222 0.107813 0.050000
0 0.967578 0.220139 0.060156 0.123611
0 0.747656 0.044444 0.103125 0.058333
0 0.546484 0.025694 0.111719 0.026389
0 0.699609 0.226389 0.069531 0.100000
0 0.643359 0.296528 0.096094 0.068056
0 0.605469 0.206250 0.035937 0.051389
0 0.589453 0.270139 0.022656 0.062500
0 0.591797 0.440972 0.064844 0.173611
0 0.707031 0.532639 0.053125 0.087500
0 0.764844 0.645833 0.093750 0.050000
0 0.830859 0.740972 0.114844 0.056944
0 0.540234 0.190972 0.103906 0.034722
0 0.508594 0.200000 0.046875 0.136111
0 0.361719 0.132639 0.100000 0.048611
0 0.393750 0.206944 0.054688 0.108333
0 0.418359 0.149306 0.096094 0.062500
0 0.496094 0.352083 0.084375 0.120833
0 0.594922 0.656250 0.028906 0.140278
0 0.516797 0.493750 0.063281 0.109722
0 0.453516 0.667361 0.047656 0.126389
0 0.424609 0.849306 0.075781 0.076389
0 0.373437 0.484722 0.065625 0.058333
0 0.324219 0.410417 0.046875 0.129167
0 0.423047 0.414583 0.085156 0.079167
0 0.417969 0.308333 0.071875 0.052778
0 0.346094 0.284722 0.079687 0.052778
0 0.367969 0.331944 0.096875 0.075000
0 0.307422 0.609722 0.025781 0.122222
0 0.244922 0.715278 0.028906 0.113889
0 0.191406 0.512500 0.059375 0.072222
0 0.221094 0.648611 0.107813 0.055556
0 0.161719 0.957639 0.025000 0.079167
0 0.019531 0.838194 0.035937 0.065278
0 0.034375 0.856250 0.042188 0.120833
0 0.107031 0.647917 0.051562 0.095833
0 0.076953 0.629167 0.055469 0.072222
0 0.080469 0.584722 0.050000 0.091667
