0 0.138672 0.025000 0.039844 0.038889
0 0.719922 0.222917 0.038281 0.123611
0 0.846484 0.280556 0.036719 0.058333
0 0.787891 0.231944 0.038281 0.116667
0 0.826172 0.196528 0.028906 0.054167
0 0.569141 0.319444 0.035156 0.113889
0 0.600781 0.570139 0.062500 0.087500
0 0.598437 0.743750 0.103125 0.045833
0 0.361719 0.489583 0.090625 0.051389
0 0.273828 0.609028 0.035156 0.120833
0 0.362891 0.901389 0.077344 0.088889
0 0.267188 0.922222 0.095312 0.036111
0 0.204688 0.965972 0.095312 0.043056
0 0.035937 0.755556 0.035937 0.130556
0 0.095703 0.650694 0.074219 0.098611
0 0.110937 0.419444 0.042188 0.125000
0 0.214062 0.294444 0.100000 0.052778
0 0.178516 0.288889 0.032031 0.113889
0 0.171484 0.224306 0.078906 0.081944
0 0.604297 0.135417 0.021094 0.115278
0 0.585156 0.107639 0.065625 0.118056
