0 0.505469 0.060417 0.070313 0.079167
0 0.678125 0.300694 0.040625 0.081944
0 0.669141 0.453472 0.038281 0.106944
0 0.796484 0.568750 0.028906 0.115278
0 0.771484 0.701389 0.050781 0.141667
0 0.525781 0.527083 0.092188 0.048611
0 0.367969 0.237500 0.068750 0.072222
0 0.412109 0.068750 0.066406 0.076389
0 0.468359 0.079861 0.044531 0.112500
0 0.347266 0.082639 0.024219 0.140278
0 0.272656 0.094444 0.095312 0.052778
0 0.209766 0.225000 0.033594 0.133333
0 0.164063 0.220833 0.093750 0.052778
0 0.040625 0.219444 0.073437 0.052778
0 0.032812 0.194444 0.043750 0.125000
0 0.241016 0.564583 0.030469 0.145833
0 0.373437 0.932639 0.079687 0.059722
0 0.094141 0.929861 0.075781 0.054167
