0 0.042969 0.190278 0.042188 0.158333
0 0.383984 0.370833 0.033594 0.166667
0 0.257031 0.752778 0.059375 0.177778
0 0.455078 0.695139 0.067969 0.120833
0 0.491406 0.836111 0.045313 0.116667
0 0.551562 0.934028 0.079687 0.068056
0 0.710547 0.470139 0.030469 0.154167
0 0.678125 0.272917 0.040625 0.151389
0 0.724219 0.236111 0.042188 0.033333
0 0.787891 0.259028 0.083594 0.087500
0 0.851563 0.049306 0.015625 0.093056
0 0.850781 0.545139 0.034375 0.126389
0 0.961328 0.493750 0.094531 0.081944
0 0.991797 0.585417 0.021094 0.131944
0 0.735937 0.945833 0.054688 0.072222
0 0.819141 0.974306 0.078906 0.045833
