0 0.055469 0.043750 0.054688 0.087500
0 0.390625 0.088889 0.028125 0.144444
0 0.585938 0.113889 0.081250 0.050000
0 0.671484 0.368056 0.044531 0.044444
0 0.671094 0.593750 0.060938 0.101389
0 0.740625 0.617361 0.059375 0.109722
0 0.571875 0.679167 0.032812 0.144444
0 0.541406 0.905556 0.089062 0.052778
0 0.472266 0.538194 0.089844 0.068056
0 0.262891 0.750694 0.027344 0.131944
0 0.167969 0.571528 0.109375 0.029167
0 0.297266 0.313194 0.089844 0.070833
0 0.325391 0.237500 0.097656 0.041667
0 0.354297 0.179167 0.050781 0.116667
0 0.290234 0.172917 0.099219 0.059722
0 0.228516 0.246528 0.053906 0.112500
0 0.123828 0.349306 0.064844 0.062500
0 0.142188 0.365972 0.079687 0.051389
0 0.108594 0.264583 0.039063 0.109722
0 0.148047 0.214583 0.055469 0.106944
0 0.142188 0.125694 0.062500 0.070833
0 0.183984 0.150694 0.075781 0.087500
0 0.077344 0.545139 0.042188 0.109722
0 0.055469 0.502778 0.001563 0.025000
0 0.025391 0.498611 0.046094 0.055556
0 0.180078 0.963889 0.044531 0.052778
