0 0.037500 0.220833 0.040625 0.150000
0 0.233984 0.739583 0.025781 0.148611
0 0.367578 0.396528 0.028906 0.159722
0 0.442187 0.712500 0.068750 0.113889
0 0.450000 0.830556 0.032812 0.119444
0 0.503125 0.895833 0.059375 0.044444
0 0.707422 0.949306 0.030469 0.093056
0 0.774609 0.954167 0.074219 0.080556
0 0.780859 0.563889 0.022656 0.147222
0 0.813672 0.068056 0.021094 0.122222
0 0.695313 0.225000 0.053125 0.041667
0 0.652734 0.309722 0.049219 0.122222
0 0.752344 0.256250 0.084375 0.048611
0 0.682031 0.503472 0.034375 0.145833
0 0.957031 0.590278 0.035937 0.138889
0 0.915625 0.499306 0.073437 0.054167
0 0.966797 0.486806 0.064844 0.054167
