0 0.098047 0.086111 0.057031 0.088889
0 0.602734 0.176389 0.082031 0.047222
0 0.423438 0.124306 0.026563 0.131944
0 0.494531 0.561111 0.079687 0.052778
0 0.590625 0.688889 0.018750 0.133333
0 0.552344 0.945139 0.081250 0.031944
0 0.666797 0.451389 0.046094 0.036111
0 0.689062 0.609722 0.046875 0.094444
0 0.764063 0.629861 0.051562 0.106944
0 0.300000 0.765278 0.012500 0.138889
0 0.209375 0.596528 0.098438 0.034722
0 0.121875 0.569444 0.043750 0.113889
0 0.045703 0.622222 0.030469 0.122222
0 0.053125 0.529167 0.082813 0.041667
0 0.014453 0.540278 0.025781 0.086111
0 0.180859 0.181250 0.066406 0.084722
0 0.223828 0.194444 0.069531 0.083333
0 0.267578 0.284722 0.053906 0.108333
0 0.337109 0.355556 0.078906 0.080556
0 0.325781 0.206250 0.092188 0.034722
0 0.385156 0.215972 0.051562 0.118056
0 0.358594 0.287500 0.093750 0.044444
0 0.187891 0.393056 0.086719 0.022222
0 0.165625 0.377083 0.071875 0.059722
0 0.155859 0.315972 0.032031 0.134722
0 0.182812 0.309722 0.037500 0.130556
