0 0.032812 0.196528 0.037500 0.129167
0 0.235156 0.736806 0.020312 0.143056
0 0.377734 0.393056 0.032031 0.169444
0 0.449219 0.707639 0.067188 0.101389
0 0.450781 0.813889 0.039063 0.127778
0 0.508984 0.879861 0.058594 0.029167
0 0.709766 0.204167 0.050781 0.030556
0 0.833594 0.050694 0.018750 0.101389
0 0.669922 0.288889 0.041406 0.130556
0 0.695703 0.490278 0.021094 0.155556
0 0.783984 0.559028 0.024219 0.137500
0 0.767578 0.239583 0.085156 0.045833
0 0.978906 0.572917 0.029687 0.129167
0 0.968359 0.474306 0.053906 0.062500
0 0.928516 0.501389 0.063281 0.063889
0 0.724219 0.953472 0.039063 0.073611
0 0.786328 0.966667 0.080469 0.055556
