0 0.937109 0.089583 0.078906 0.023611
0 0.866016 0.111111 0.064844 0.063889
0 0.648047 0.268056 0.072656 0.075000
0 0.316016 0.346528 0.100781 0.062500
0 0.345703 0.263194 0.083594 0.079167
0 0.448828 0.725000 0.022656 0.119444
0 0.511328 0.683333 0.061719 0.105556
0 0.373047 0.794444 0.028906 0.127778
0 0.439844 0.956250 0.106250 0.054167
0 0.657031 0.879167 0.043750 0.141667
0 0.698828 0.428472 0.060156 0.101389
0 0.753906 0.393750 0.101563 0.079167
0 0.739062 0.327778 0.073437 0.080556
0 0.837500 0.480556 0.021875 0.119444
0 0.907031 0.416667 0.026563 0.130556
0 0.928906 0.622222 0.090625 0.075000
0 0.862500 0.654167 0.040625 0.111111
0 0.930859 0.824306 0.042969 0.115278
