0 0.071875 0.056944 0.059375 0.088889
0 0.098438 0.555556 0.045313 0.116667
0 0.020703 0.611111 0.030469 0.122222
0 0.187500 0.593750 0.112500 0.048611
0 0.281641 0.759722 0.022656 0.136111
0 0.037500 0.511111 0.067188 0.041667
0 0.163281 0.385417 0.090625 0.029167
0 0.132031 0.354861 0.070313 0.068056
0 0.128125 0.281944 0.031250 0.127778
0 0.162500 0.288889 0.034375 0.100000
0 0.156250 0.157639 0.059375 0.079167
0 0.199609 0.173611 0.071094 0.083333
0 0.243359 0.264583 0.049219 0.095833
0 0.306250 0.188889 0.092188 0.041667
0 0.366016 0.198611 0.050781 0.111111
0 0.407031 0.094444 0.034375 0.141667
0 0.340625 0.262500 0.089062 0.050000
0 0.314453 0.333333 0.089844 0.069444
0 0.596484 0.153472 0.091406 0.056944
0 0.480859 0.549306 0.088281 0.059722
0 0.577344 0.675694 0.025000 0.137500
0 0.648438 0.447222 0.046875 0.044444
0 0.682813 0.595833 0.048437 0.094444
0 0.758594 0.617361 0.053125 0.104167
0 0.542969 0.950694 0.095312 0.029167
