0 0.028125 0.218750 0.035937 0.131944
0 0.362109 0.389583 0.025781 0.159722
0 0.223047 0.739583 0.027344 0.151389
0 0.432422 0.821528 0.039844 0.131944
0 0.493359 0.875000 0.049219 0.036111
0 0.440625 0.713889 0.068750 0.113889
0 0.810156 0.067361 0.018750 0.126389
0 0.691016 0.218750 0.044531 0.045833
0 0.751172 0.249306 0.092969 0.034722
0 0.655469 0.312500 0.054688 0.130556
0 0.680859 0.506250 0.027344 0.156944
0 0.748438 0.566667 0.031250 0.122222
0 0.703125 0.955556 0.040625 0.075000
0 0.767969 0.969444 0.078125 0.050000
0 0.957812 0.595139 0.034375 0.151389
0 0.898047 0.506944 0.053906 0.050000
0 0.961328 0.489583 0.075781 0.034722
