0 0.069141 0.058333 0.072656 0.088889
0 0.153516 0.156944 0.055469 0.080556
0 0.209375 0.181944 0.051562 0.047222
0 0.248828 0.268750 0.052344 0.101389
0 0.308984 0.193056 0.082031 0.038889
0 0.369141 0.191667 0.039844 0.083333
0 0.408203 0.091667 0.030469 0.136111
0 0.342969 0.261806 0.079687 0.051389
0 0.314844 0.329861 0.076563 0.065278
0 0.592578 0.156944 0.080469 0.047222
0 0.481250 0.550694 0.081250 0.056944
0 0.579297 0.676389 0.022656 0.122222
0 0.282813 0.766667 0.025000 0.152778
0 0.186719 0.586806 0.098438 0.051389
0 0.101172 0.561806 0.052344 0.123611
0 0.023438 0.616667 0.039063 0.133333
0 0.041406 0.514583 0.081250 0.054167
0 0.648438 0.467361 0.050000 0.051389
0 0.681641 0.602778 0.053906 0.088889
0 0.764063 0.621528 0.057813 0.104167
0 0.536719 0.960417 0.090625 0.029167
