0 0.031641 0.213194 0.039844 0.120833
0 0.228516 0.741667 0.016406 0.150000
0 0.367969 0.391667 0.026563 0.150000
0 0.443750 0.713889 0.064062 0.113889
0 0.434766 0.819444 0.028906 0.119444
0 0.498437 0.881944 0.065625 0.041667
0 0.693750 0.213889 0.040625 0.036111
0 0.658594 0.305556 0.043750 0.122222
0 0.754687 0.253472 0.090625 0.048611
0 0.814062 0.059722 0.028125 0.116667
0 0.684375 0.500000 0.020312 0.150000
0 0.753125 0.575694 0.028125 0.134722
0 0.961719 0.589583 0.042188 0.123611
0 0.962500 0.489583 0.060938 0.037500
0 0.903516 0.517361 0.057031 0.065278
0 0.708984 0.953472 0.036719 0.087500
0 0.773828 0.963194 0.086719 0.051389
