0 0.073828 0.058333 0.057031 0.083333
0 0.151953 0.159028 0.057031 0.081944
0 0.204297 0.170139 0.053906 0.065278
0 0.243750 0.265972 0.053125 0.101389
0 0.094531 0.559028 0.035937 0.109722
0 0.019531 0.620139 0.028125 0.126389
0 0.038281 0.513889 0.068750 0.030556
0 0.184375 0.585417 0.104687 0.043056
0 0.279687 0.766667 0.018750 0.150000
0 0.305078 0.188889 0.091406 0.055556
0 0.367188 0.191667 0.048437 0.119444
0 0.405859 0.098611 0.024219 0.152778
0 0.323828 0.268750 0.063281 0.054167
0 0.311328 0.337500 0.082031 0.052778
0 0.585938 0.156250 0.084375 0.037500
0 0.641797 0.460417 0.047656 0.048611
0 0.578125 0.679861 0.021875 0.151389
0 0.479297 0.545833 0.078906 0.066667
0 0.684375 0.598611 0.051562 0.083333
0 0.758203 0.620139 0.047656 0.112500
0 0.533984 0.959028 0.083594 0.026389
