0 0.453516 0.176389 0.053906 0.091667
0 0.386328 0.206944 0.069531 0.052778
0 0.335156 0.134722 0.045313 0.080556
0 0.194531 0.159722 0.064062 0.100000
0 0.242578 0.264583 0.047656 0.106944
0 0.222656 0.281944 0.092188 0.047222
0 0.142969 0.293056 0.028125 0.119444
0 0.145313 0.379861 0.076563 0.076389
0 0.099609 0.564583 0.035156 0.123611
0 0.186328 0.584028 0.107031 0.031944
0 0.232031 0.505556 0.039063 0.147222
0 0.279687 0.758333 0.026563 0.133333
0 0.316406 0.343750 0.084375 0.068056
0 0.364844 0.261806 0.087500 0.065278
0 0.756641 0.340972 0.085156 0.043056
0 0.464844 0.554167 0.035937 0.116667
0 0.583203 0.683333 0.046094 0.105556
0 0.561328 0.787500 0.097656 0.036111
0 0.690234 0.753472 0.066406 0.040278
0 0.039063 0.513889 0.067188 0.052778
