0 0.192578 0.782639 0.114844 0.104167
0 0.118750 0.630556 0.143750 0.047222
0 0.219531 0.656944 0.029687 0.144444
0 0.249609 0.600000 0.091406 0.055556
0 0.525391 0.229167 0.146094 0.080556
0 0.586719 0.322917 0.050000 0.068056
0 0.505469 0.393750 0.164063 0.106944
0 0.803906 0.830556 0.096875 0.205556
0 0.833984 0.540972 0.066406 0.145833
0 0.857813 0.187500 0.092188 0.130556
0 0.883203 0.065972 0.169531 0.076389
0 0.700781 0.661111 0.109375 0.133333
0 0.692969 0.825694 0.135937 0.118056
0 0.583203 0.890972 0.057031 0.112500
