0 0.119922 0.194444 0.074219 0.069444
0 0.230859 0.609722 0.096094 0.047222
0 0.249219 0.671528 0.054688 0.068056
0 0.075781 0.686806 0.059375 0.093056
0 0.149219 0.890972 0.034375 0.109722
0 0.119141 0.859028 0.044531 0.084722
0 0.115234 0.909722 0.069531 0.102778
0 0.198047 0.882639 0.058594 0.048611
0 0.391406 0.461806 0.046875 0.087500
0 0.325391 0.436111 0.041406 0.097222
0 0.533203 0.163889 0.089844 0.063889
0 0.730859 0.596528 0.086719 0.076389
0 0.596875 0.836111 0.057813 0.097222
0 0.682813 0.409722 0.054688 0.091667
0 0.639844 0.352083 0.079687 0.081944
0 0.637500 0.315972 0.042188 0.070833
