0 0.757813 0.304861 0.057813 0.101389
0 0.446875 0.167361 0.053125 0.076389
0 0.460938 0.552083 0.028125 0.126389
0 0.278906 0.754167 0.029687 0.133333
0 0.568750 0.787500 0.123438 0.044444
0 0.584375 0.686111 0.046875 0.116667
0 0.664844 0.770139 0.045313 0.043056
0 0.185156 0.577778 0.110937 0.033333
0 0.090625 0.561806 0.040625 0.101389
0 0.103906 0.713889 0.050000 0.061111
0 0.032031 0.511806 0.064062 0.065278
0 0.140234 0.283333 0.022656 0.127778
0 0.137891 0.413194 0.078906 0.073611
0 0.137500 0.360417 0.062500 0.054167
0 0.236328 0.257639 0.053906 0.090278
0 0.191797 0.161111 0.063281 0.086111
0 0.275000 0.171528 0.054688 0.068056
0 0.371875 0.184028 0.085938 0.056944
0 0.355078 0.247917 0.063281 0.065278
0 0.310547 0.327083 0.080469 0.062500
