0 0.757422 0.292361 0.061719 0.126389
0 0.457812 0.552778 0.020312 0.125000
0 0.273828 0.754167 0.032031 0.138889
0 0.180859 0.573611 0.103906 0.038889
0 0.090234 0.559722 0.036719 0.108333
0 0.031641 0.501389 0.055469 0.075000
0 0.026172 0.763889 0.050781 0.044444
0 0.025781 0.722222 0.040625 0.030556
0 0.669922 0.777083 0.049219 0.048611
0 0.564062 0.777778 0.110937 0.030556
0 0.579297 0.688194 0.052344 0.115278
0 0.444531 0.160417 0.059375 0.079167
0 0.132813 0.285417 0.023438 0.123611
0 0.137891 0.374306 0.064844 0.079167
0 0.076953 0.409028 0.075781 0.090278
0 0.192188 0.154861 0.057813 0.093056
0 0.232812 0.252083 0.065625 0.098611
0 0.308984 0.331944 0.086719 0.061111
0 0.373828 0.193750 0.085156 0.070833
0 0.347656 0.236806 0.067188 0.101389
