0 0.079687 0.575000 0.095312 0.086111
0 0.031250 0.600694 0.053125 0.070833
0 0.187109 0.359028 0.025781 0.068056
0 0.181250 0.409722 0.107813 0.063889
0 0.300000 0.247222 0.028125 0.083333
0 0.433594 0.156250 0.120312 0.051389
0 0.418750 0.481944 0.029687 0.136111
0 0.546484 0.211111 0.124219 0.036111
0 0.474219 0.244444 0.048437 0.044444
0 0.641406 0.361111 0.015625 0.125000
0 0.689844 0.424306 0.139062 0.084722
0 0.675781 0.112500 0.118750 0.069444
0 0.915625 0.077083 0.042188 0.118056
0 0.838672 0.046528 0.097656 0.068056
0 0.904688 0.273611 0.025000 0.155556
0 0.874219 0.452083 0.065625 0.093056
0 0.775781 0.819444 0.032812 0.125000
0 0.687500 0.747916 0.107813 0.062500
0 0.880078 0.941667 0.094531 0.075000
