0 0.729297 0.117361 0.108594 0.056944
0 0.328516 0.116667 0.028906 0.105556
0 0.279687 0.426389 0.085938 0.047222
0 0.429688 0.402778 0.078125 0.041667
0 0.876172 0.435417 0.021094 0.129167
0 0.756641 0.565278 0.078906 0.080556
0 0.980078 0.801389 0.028906 0.147222
0 0.783984 0.907639 0.035156 0.101389
0 0.661328 0.800694 0.083594 0.084722
0 0.645703 0.920833 0.086719 0.047222
0 0.719922 0.960417 0.024219 0.045833
0 0.438281 0.687500 0.095312 0.030556
0 0.384766 0.765278 0.030469 0.119444
0 0.348828 0.756944 0.038281 0.102778
0 0.312109 0.815278 0.025781 0.097222
0 0.334375 0.670833 0.057813 0.100000
0 0.492188 0.920833 0.057813 0.072222
0 0.456250 0.865278 0.057813 0.072222
0 0.450000 0.922222 0.075000 0.100000
