0 0.696484 0.085417 0.111719 0.051389
0 0.417188 0.053472 0.017188 0.087500
0 0.328906 0.098611 0.070313 0.097222
0 0.276953 0.108333 0.039844 0.127778
0 0.217187 0.030556 0.057813 0.047222
0 0.197656 0.163889 0.032812 0.133333
0 0.211719 0.267361 0.020312 0.090278
0 0.118750 0.105556 0.046875 0.097222
0 0.118750 0.147222 0.020312 0.105556
0 0.131250 0.191667 0.067188 0.077778
0 0.125000 0.293056 0.042188 0.097222
0 0.098438 0.351389 0.125000 0.047222
0 0.144531 0.422917 0.025000 0.134722
0 0.183203 0.579861 0.061719 0.109722
0 0.237891 0.772222 0.080469 0.075000
0 0.290234 0.748611 0.028906 0.150000
0 0.324609 0.701389 0.085156 0.069444
0 0.403516 0.708333 0.055469 0.122222
0 0.342969 0.466667 0.095312 0.063889
0 0.389062 0.367361 0.020312 0.173611
0 0.382422 0.249306 0.086719 0.065278
0 0.283203 0.636111 0.089844 0.041667
0 0.276953 0.608333 0.078906 0.050000
0 0.255469 0.327083 0.064062 0.079167
0 0.289063 0.288889 0.079687 0.061111
0 0.499219 0.852778 0.082813 0.088889
0 0.588281 0.910417 0.079687 0.059722
0 0.584375 0.597222 0.017188 0.166667
0 0.532422 0.412500 0.019531 0.130556
0 0.489062 0.331250 0.093750 0.051389
0 0.474609 0.269444 0.061719 0.036111
0 0.528125 0.290972 0.076563 0.034722
0 0.491797 0.553472 0.083594 0.043056
0 0.411328 0.585417 0.047656 0.043056
0 0.435937 0.475694 0.029687 0.090278
0 0.457422 0.481944 0.047656 0.100000
0 0.640625 0.525000 0.073437 0.077778
0 0.725391 0.500694 0.089844 0.043056
0 0.827344 0.549306 0.090625 0.059722
0 0.895703 0.540278 0.085156 0.100000
0 0.870703 0.420139 0.035156 0.087500
0 0.942578 0.697222 0.082031 0.075000
0 0.872266 0.709028 0.063281 0.079167
0 0.987891 0.671528 0.022656 0.059722
0 0.971094 0.809028 0.054688 0.043056
0 0.913672 0.846528 0.064844 0.109722
0 0.919141 0.952083 0.024219 0.081944
0 0.755469 0.959722 0.029687 0.075000
0 0.706250 0.960417 0.034375 0.070833
0 0.789453 0.951389 0.025781 0.075000
0 0.476953 0.948611 0.030469 0.088889
