0 0.080078 0.092361 0.030469 0.093056
0 0.078906 0.270833 0.064062 0.077778
0 0.145313 0.323611 0.068750 0.027778
0 0.069922 0.439583 0.094531 0.040278
0 0.128516 0.697222 0.047656 0.075000
0 0.176563 0.756944 0.037500 0.061111
0 0.221484 0.669444 0.063281 0.077778
0 0.237500 0.715278 0.081250 0.047222
0 0.049609 0.742361 0.041406 0.115278
0 0.018359 0.743056 0.030469 0.033333
0 0.038672 0.832639 0.063281 0.054167
0 0.145313 0.947917 0.090625 0.062500
0 0.274219 0.750000 0.070313 0.047222
0 0.268750 0.809722 0.082813 0.041667
0 0.289063 0.886806 0.084375 0.040278
0 0.251953 0.929167 0.078906 0.044444
0 0.296094 0.977778 0.042188 0.038889
0 0.317578 0.279861 0.086719 0.056944
0 0.294531 0.331250 0.021875 0.129167
0 0.261719 0.316667 0.059375 0.030556
0 0.258203 0.365278 0.036719 0.075000
0 0.472656 0.100000 0.093750 0.086111
0 0.544922 0.266667 0.086719 0.075000
0 0.531641 0.550000 0.075781 0.075000
0 0.562891 0.590972 0.041406 0.084722
0 0.616016 0.546528 0.080469 0.081944
0 0.630078 0.644444 0.030469 0.125000
0 0.562891 0.717361 0.044531 0.123611
0 0.594922 0.866667 0.050781 0.041667
0 0.601172 0.770139 0.052344 0.079167
0 0.600781 0.772917 0.028125 0.054167
0 0.786328 0.550694 0.021094 0.137500
0 0.802344 0.440972 0.029687 0.104167
0 0.717188 0.404861 0.028125 0.126389
0 0.770703 0.388194 0.077344 0.037500
0 0.748438 0.340278 0.032812 0.097222
0 0.717969 0.291667 0.065625 0.063889
0 0.689844 0.216667 0.032812 0.100000
0 0.736719 0.220833 0.090625 0.061111
0 0.736719 0.094444 0.081250 0.047222
0 0.755469 0.087500 0.018750 0.113889
0 0.748047 0.115278 0.066406 0.075000
0 0.795313 0.143056 0.039063 0.072222
0 0.770703 0.040278 0.035156 0.066667
0 0.811719 0.038889 0.046875 0.044444
