0 0.232031 0.413889 0.028125 0.127778
0 0.365625 0.197917 0.081250 0.109722
0 0.234375 0.285417 0.090625 0.070833
0 0.288281 0.405556 0.045313 0.066667
0 0.206641 0.375000 0.102344 0.088889
0 0.232031 0.493750 0.087500 0.070833
0 0.257031 0.554167 0.032812 0.125000
0 0.331641 0.545139 0.074219 0.101389
0 0.358594 0.468056 0.048437 0.116667
0 0.446484 0.387500 0.102344 0.075000
0 0.431250 0.340972 0.062500 0.081944
0 0.317578 0.620139 0.114844 0.037500
0 0.377734 0.662500 0.086719 0.069444
0 0.451562 0.623611 0.109375 0.041667
0 0.457422 0.590972 0.103906 0.048611
0 0.532812 0.685417 0.028125 0.143056
0 0.548047 0.763889 0.024219 0.136111
0 0.569531 0.693056 0.068750 0.025000
0 0.574219 0.713889 0.073437 0.033333
0 0.648828 0.629167 0.067969 0.100000
0 0.612500 0.802778 0.017188 0.147222
0 0.816797 0.945139 0.082031 0.109722
0 0.908203 0.457639 0.049219 0.162500
0 0.792578 0.424306 0.080469 0.093056
0 0.858984 0.274306 0.064844 0.087500
0 0.894531 0.160417 0.087500 0.093056
0 0.818750 0.066667 0.117188 0.072222
0 0.799219 0.241667 0.089062 0.058333
0 0.723437 0.165278 0.035937 0.138889
0 0.726953 0.281944 0.052344 0.100000
0 0.719141 0.368750 0.038281 0.118056
0 0.623438 0.238889 0.054688 0.133333
0 0.648828 0.086806 0.083594 0.062500
0 0.614453 0.151389 0.074219 0.072222
0 0.522266 0.127083 0.092969 0.084722
0 0.124219 0.651389 0.018750 0.136111
0 0.167578 0.656944 0.102344 0.041667
0 0.268750 0.800694 0.095312 0.059722
0 0.139453 0.745833 0.097656 0.066667
0 0.171094 0.881250 0.054688 0.120833
0 0.066797 0.905556 0.072656 0.041667
0 0.116797 0.869444 0.075781 0.086111
0 0.089844 0.865972 0.042188 0.131944
