0 0.121094 0.086111 0.096875 0.047222
0 0.141406 0.044444 0.109375 0.041667
0 0.030078 0.145833 0.057031 0.044444
0 0.021875 0.411806 0.035937 0.118056
0 0.092188 0.935417 0.037500 0.101389
0 0.479297 0.944444 0.099219 0.086111
0 0.525391 0.638889 0.022656 0.108333
0 0.503516 0.690972 0.019531 0.109722
0 0.490234 0.702778 0.016406 0.150000
0 0.474609 0.520139 0.088281 0.076389
0 0.436328 0.556944 0.083594 0.072222
0 0.363281 0.481944 0.081250 0.086111
0 0.446094 0.435417 0.076563 0.065278
0 0.469922 0.393056 0.046094 0.119444
0 0.359375 0.299306 0.062500 0.095833
0 0.444922 0.278472 0.077344 0.076389
0 0.527344 0.352778 0.092188 0.041667
0 0.548828 0.384028 0.086719 0.065278
0 0.580469 0.486111 0.053125 0.086111
0 0.611719 0.594444 0.065625 0.077778
0 0.664844 0.670833 0.028125 0.116667
0 0.592188 0.753472 0.093750 0.065278
0 0.671875 0.742361 0.065625 0.065278
0 0.692969 0.781944 0.085938 0.038889
0 0.693750 0.838194 0.023438 0.129167
0 0.733984 0.798611 0.071094 0.047222
0 0.744531 0.719444 0.070313 0.091667
0 0.778906 0.821528 0.021875 0.112500
0 0.769922 0.873611 0.035156 0.105556
0 0.862891 0.779861 0.036719 0.115278
0 0.741406 0.926389 0.101563 0.038889
0 0.755469 0.936806 0.018750 0.104167
0 0.747656 0.958333 0.059375 0.075000
0 0.788672 0.963889 0.030469 0.063889
0 0.758984 0.488194 0.057031 0.051389
0 0.720703 0.500694 0.035156 0.109722
0 0.730078 0.593056 0.024219 0.111111
0 0.664453 0.456944 0.083594 0.058333
0 0.677734 0.423611 0.049219 0.077778
0 0.638281 0.370833 0.081250 0.050000
0 0.650781 0.364583 0.054688 0.076389
0 0.621484 0.213194 0.049219 0.037500
0 0.562891 0.289583 0.096094 0.056944
0 0.515625 0.184722 0.043750 0.097222
0 0.498437 0.092361 0.087500 0.068056
0 0.478125 0.034028 0.064062 0.043056
0 0.417969 0.036111 0.057813 0.058333
0 0.449219 0.127083 0.075000 0.081944
0 0.428516 0.145139 0.075781 0.076389
0 0.264453 0.201389 0.089844 0.058333
0 0.252344 0.122917 0.054688 0.101389
0 0.328906 0.143750 0.084375 0.045833
0 0.351953 0.181250 0.061719 0.062500
