0 0.695703 0.085417 0.102344 0.056944
0 0.419531 0.054167 0.026563 0.083333
0 0.323047 0.102778 0.080469 0.113889
0 0.275000 0.104861 0.051562 0.151389
0 0.215625 0.034028 0.068750 0.054167
0 0.195313 0.167361 0.042188 0.131944
0 0.219922 0.285417 0.030469 0.151389
0 0.253906 0.329167 0.075000 0.066667
0 0.289453 0.288889 0.083594 0.116667
0 0.387109 0.265278 0.092969 0.086111
0 0.385938 0.359722 0.025000 0.144444
0 0.332812 0.461111 0.095312 0.083333
0 0.178906 0.573611 0.054688 0.111111
0 0.074219 0.363194 0.125000 0.059722
0 0.118750 0.301389 0.051562 0.111111
0 0.108203 0.109028 0.049219 0.112500
0 0.110547 0.161111 0.030469 0.127778
0 0.128906 0.204167 0.075000 0.091667
0 0.230859 0.750694 0.080469 0.081944
0 0.297656 0.761111 0.034375 0.150000
0 0.330859 0.697917 0.086719 0.076389
0 0.400391 0.703472 0.053906 0.120833
0 0.273047 0.643750 0.094531 0.034722
0 0.261328 0.643056 0.058594 0.133333
0 0.494922 0.836111 0.088281 0.086111
0 0.477734 0.938194 0.032031 0.084722
0 0.580078 0.611806 0.014844 0.159722
0 0.641406 0.525000 0.081250 0.080556
0 0.716797 0.497222 0.080469 0.088889
0 0.814062 0.549306 0.092188 0.081944
0 0.895312 0.548611 0.078125 0.088889
0 0.867188 0.431944 0.040625 0.116667
0 0.529297 0.420139 0.024219 0.129167
0 0.480469 0.557639 0.103125 0.048611
0 0.476563 0.275694 0.081250 0.040278
0 0.516406 0.300000 0.075000 0.075000
0 0.487109 0.338889 0.088281 0.061111
0 0.432422 0.479861 0.050781 0.106944
0 0.448047 0.463194 0.053906 0.131944
0 0.410547 0.572917 0.077344 0.068056
0 0.585938 0.909028 0.081250 0.070833
0 0.705078 0.945139 0.046094 0.090278
0 0.753516 0.950694 0.025781 0.087500
0 0.792578 0.931250 0.042969 0.076389
0 0.866406 0.713194 0.068750 0.118056
0 0.937109 0.702083 0.078906 0.095833
0 0.982813 0.677778 0.028125 0.058333
0 0.969141 0.801389 0.052344 0.069444
0 0.914063 0.834722 0.060938 0.105556
0 0.921484 0.950000 0.024219 0.094444
