0 0.467187 0.074306 0.090625 0.084722
0 0.064062 0.084722 0.034375 0.119444
0 0.062500 0.261111 0.067188 0.102778
0 0.119922 0.327778 0.064844 0.063889
0 0.150391 0.429167 0.032031 0.061111
0 0.159375 0.750000 0.043750 0.083333
0 0.107031 0.677083 0.060938 0.056944
0 0.034766 0.738889 0.041406 0.119444
0 0.030469 0.825000 0.054688 0.052778
0 0.134375 0.939583 0.090625 0.043056
0 0.237891 0.927778 0.096094 0.047222
0 0.277344 0.889583 0.095312 0.056944
0 0.250781 0.818056 0.093750 0.050000
0 0.264453 0.758333 0.067969 0.069444
0 0.211328 0.665278 0.075781 0.072222
0 0.229297 0.725000 0.094531 0.063889
0 0.293750 0.972222 0.071875 0.050000
0 0.408203 0.875000 0.050781 0.091667
0 0.392188 0.959722 0.056250 0.075000
0 0.428125 0.944444 0.062500 0.061111
0 0.308594 0.275694 0.084375 0.068056
0 0.287891 0.327083 0.021094 0.123611
0 0.270312 0.311806 0.078125 0.040278
0 0.248437 0.357639 0.046875 0.084722
0 0.544141 0.264583 0.086719 0.081944
0 0.522656 0.545833 0.062500 0.083333
0 0.559375 0.581250 0.045313 0.112500
0 0.633984 0.643750 0.038281 0.123611
0 0.616406 0.553472 0.067188 0.109722
0 0.544141 0.698611 0.036719 0.108333
0 0.594141 0.861111 0.050781 0.047222
0 0.576172 0.772222 0.049219 0.091667
0 0.591797 0.768056 0.044531 0.094444
0 0.785547 0.559722 0.024219 0.119444
0 0.805469 0.431250 0.020312 0.109722
0 0.775391 0.368056 0.066406 0.044444
0 0.721875 0.390972 0.037500 0.131944
0 0.738281 0.340278 0.026563 0.113889
0 0.728125 0.281944 0.087500 0.075000
0 0.743359 0.225694 0.094531 0.045833
0 0.681641 0.208333 0.035156 0.138889
0 0.789063 0.131944 0.046875 0.102778
0 0.741797 0.090278 0.067969 0.052778
0 0.747266 0.084722 0.032031 0.136111
0 0.726953 0.059722 0.089844 0.072222
0 0.766797 0.029861 0.021094 0.056944
0 0.825781 0.027778 0.037500 0.052778
