0 0.525000 0.129167 0.098438 0.086111
0 0.688672 0.072917 0.036719 0.070833
0 0.634766 0.131944 0.092969 0.063889
0 0.628516 0.248611 0.049219 0.150000
0 0.735156 0.179167 0.020312 0.166667
0 0.830859 0.066667 0.116406 0.047222
0 0.910156 0.168056 0.082813 0.100000
0 0.875000 0.267361 0.056250 0.098611
0 0.813672 0.241667 0.096094 0.061111
0 0.917969 0.456944 0.057813 0.186111
0 0.814844 0.438194 0.076563 0.101389
0 0.666797 0.636806 0.077344 0.098611
0 0.824219 0.946528 0.068750 0.087500
0 0.628125 0.815278 0.029687 0.105556
0 0.541406 0.709028 0.018750 0.179167
0 0.557422 0.779167 0.022656 0.130556
0 0.574219 0.643750 0.028125 0.087500
0 0.577344 0.709722 0.059375 0.050000
0 0.610937 0.722917 0.071875 0.051389
0 0.451172 0.390278 0.094531 0.058333
0 0.437109 0.335417 0.066406 0.081944
0 0.379297 0.197222 0.083594 0.094444
0 0.367578 0.475694 0.058594 0.112500
0 0.283203 0.404167 0.044531 0.058333
0 0.740625 0.284028 0.029687 0.115278
0 0.733594 0.370833 0.032812 0.163889
0 0.239844 0.420139 0.037500 0.145833
0 0.213281 0.312500 0.081250 0.055556
0 0.189063 0.394444 0.081250 0.097222
0 0.235547 0.502083 0.071094 0.068056
0 0.263672 0.559028 0.025781 0.140278
0 0.314453 0.536111 0.072656 0.102778
0 0.326953 0.639583 0.103906 0.054167
0 0.165625 0.673611 0.103125 0.038889
0 0.107422 0.730556 0.025781 0.113889
0 0.142188 0.740972 0.085938 0.062500
0 0.276953 0.826389 0.102344 0.069444
0 0.177344 0.891667 0.051562 0.125000
0 0.099219 0.879861 0.032812 0.126389
0 0.123828 0.884722 0.074219 0.080556
0 0.078906 0.926389 0.064062 0.050000
0 0.387891 0.669444 0.080469 0.100000
0 0.465234 0.602083 0.105469 0.040278
0 0.459766 0.631944 0.091406 0.038889
