0 0.025391 0.137500 0.039844 0.061111
0 0.023828 0.404861 0.039844 0.129167
0 0.091797 0.956250 0.035156 0.123611
0 0.476172 0.931944 0.082031 0.086111
0 0.524219 0.635417 0.025000 0.115278
0 0.504687 0.695833 0.021875 0.133333
0 0.485547 0.689583 0.014844 0.151389
0 0.436719 0.552778 0.084375 0.050000
0 0.477734 0.527083 0.077344 0.073611
0 0.446484 0.435417 0.069531 0.048611
0 0.392188 0.478472 0.073437 0.023611
0 0.362500 0.481250 0.075000 0.062500
0 0.445703 0.275694 0.067969 0.070833
0 0.473828 0.381944 0.041406 0.097222
0 0.526953 0.348611 0.082031 0.036111
0 0.555469 0.381944 0.090625 0.041667
0 0.568359 0.297222 0.086719 0.075000
0 0.626172 0.210417 0.058594 0.040278
0 0.362109 0.306944 0.060156 0.125000
0 0.297656 0.218056 0.104687 0.047222
0 0.253125 0.129167 0.057813 0.094444
0 0.122266 0.087500 0.088281 0.047222
0 0.151953 0.062500 0.071094 0.038889
0 0.419531 0.038194 0.065625 0.059722
0 0.483203 0.040972 0.055469 0.062500
0 0.507813 0.104167 0.103125 0.038889
0 0.518359 0.174306 0.047656 0.098611
0 0.448828 0.134028 0.071094 0.081944
0 0.428906 0.146528 0.062500 0.079167
0 0.337891 0.140278 0.088281 0.038889
0 0.345313 0.169444 0.056250 0.061111
0 0.644531 0.378472 0.076563 0.065278
0 0.655469 0.349306 0.051562 0.062500
0 0.678125 0.435417 0.031250 0.073611
0 0.658203 0.445139 0.074219 0.068056
0 0.720312 0.500694 0.035937 0.101389
0 0.750781 0.500694 0.043750 0.051389
0 0.732422 0.593750 0.036719 0.106944
0 0.578516 0.495833 0.053906 0.091667
0 0.606641 0.598611 0.066406 0.086111
0 0.657812 0.668056 0.037500 0.122222
0 0.591797 0.756250 0.082031 0.070833
0 0.664844 0.738194 0.068750 0.065278
0 0.679297 0.770833 0.077344 0.044444
0 0.691016 0.837500 0.024219 0.125000
0 0.725000 0.798611 0.081250 0.047222
0 0.764844 0.874306 0.039063 0.098611
0 0.739062 0.697917 0.068750 0.079167
0 0.776172 0.825000 0.022656 0.108333
0 0.822656 0.873611 0.035937 0.052778
0 0.862891 0.775000 0.039844 0.108333
0 0.741406 0.921528 0.104687 0.070833
0 0.757031 0.938889 0.025000 0.116667
0 0.740625 0.945139 0.064062 0.081944
0 0.783203 0.958333 0.030469 0.055556
