0 0.687891 0.100694 0.105469 0.040278
0 0.414453 0.052083 0.019531 0.098611
0 0.318750 0.105556 0.060938 0.083333
0 0.270703 0.115972 0.039844 0.112500
0 0.204688 0.035417 0.076563 0.070833
0 0.707422 0.504861 0.086719 0.076389
0 0.807813 0.564583 0.078125 0.098611
0 0.877734 0.554167 0.082031 0.080556
0 0.846094 0.448611 0.034375 0.116667
0 0.194141 0.176389 0.036719 0.130556
0 0.209766 0.275000 0.019531 0.097222
0 0.250000 0.338194 0.065625 0.073611
0 0.276172 0.304861 0.083594 0.043056
0 0.369922 0.270139 0.092969 0.051389
0 0.376172 0.368056 0.014844 0.147222
0 0.326953 0.468056 0.089844 0.069444
0 0.110937 0.111111 0.056250 0.113889
0 0.114453 0.159722 0.024219 0.100000
0 0.129297 0.201389 0.075781 0.080556
0 0.116797 0.302083 0.046094 0.093056
0 0.079687 0.363889 0.118750 0.036111
0 0.173438 0.582639 0.046875 0.095833
0 0.210547 0.744444 0.069531 0.075000
0 0.296484 0.767361 0.049219 0.115278
0 0.326172 0.711806 0.097656 0.062500
0 0.395703 0.712500 0.053906 0.108333
0 0.273047 0.661111 0.103906 0.033333
0 0.258594 0.632639 0.054688 0.079167
0 0.488672 0.843750 0.092969 0.084722
0 0.476172 0.934722 0.017969 0.108333
0 0.571094 0.925694 0.089062 0.070833
0 0.572266 0.615972 0.022656 0.151389
0 0.525391 0.429861 0.027344 0.145833
0 0.480859 0.348611 0.092969 0.055556
0 0.463281 0.281250 0.075000 0.043056
0 0.511719 0.288194 0.071875 0.059722
0 0.424219 0.492361 0.040625 0.093056
0 0.432813 0.485417 0.020312 0.106944
0 0.444531 0.487500 0.046875 0.113889
0 0.456641 0.465278 0.050781 0.080556
0 0.405859 0.587500 0.078906 0.063889
0 0.464844 0.577083 0.093750 0.070833
0 0.625781 0.541667 0.073437 0.083333
0 0.921094 0.700000 0.071875 0.066667
0 0.971875 0.711111 0.034375 0.102778
0 0.856641 0.727083 0.067969 0.120833
0 0.901953 0.849306 0.063281 0.081944
0 0.958594 0.807639 0.057813 0.056944
0 0.920703 0.953472 0.039844 0.087500
0 0.789844 0.928472 0.060938 0.081944
0 0.747266 0.947222 0.035156 0.100000
0 0.705078 0.950000 0.044531 0.094444
