0 0.482812 0.108333 0.079687 0.075000
0 0.564062 0.292361 0.092188 0.079167
0 0.102344 0.118056 0.026563 0.150000
0 0.144531 0.345833 0.064062 0.050000
0 0.093750 0.285417 0.053125 0.098611
0 0.200391 0.459028 0.047656 0.090278
0 0.179688 0.750694 0.051562 0.098611
0 0.134766 0.676389 0.057031 0.044444
0 0.066797 0.741667 0.036719 0.108333
0 0.054297 0.822917 0.078906 0.059722
0 0.023828 0.741667 0.038281 0.058333
0 0.329297 0.287500 0.080469 0.050000
0 0.311719 0.356944 0.023438 0.113889
0 0.312891 0.315278 0.074219 0.038889
0 0.276563 0.371528 0.046875 0.079167
0 0.244141 0.668056 0.064844 0.063889
0 0.251953 0.725694 0.080469 0.037500
0 0.645703 0.652083 0.041406 0.140278
0 0.689453 0.235417 0.032031 0.134722
0 0.745313 0.246528 0.093750 0.056944
0 0.751953 0.290278 0.078906 0.061111
0 0.745703 0.357639 0.030469 0.109722
0 0.785547 0.379861 0.053906 0.034722
0 0.808203 0.443750 0.036719 0.109722
0 0.735156 0.406250 0.035937 0.131944
0 0.779688 0.586806 0.025000 0.143056
0 0.624609 0.559028 0.071094 0.068056
0 0.542188 0.565278 0.065625 0.066667
0 0.574609 0.611111 0.044531 0.094444
0 0.531250 0.681944 0.031250 0.052778
0 0.564062 0.714583 0.035937 0.101389
0 0.589844 0.770139 0.051562 0.070833
0 0.566406 0.812500 0.043750 0.063889
0 0.620703 0.874306 0.063281 0.031944
0 0.285937 0.765972 0.064062 0.054167
0 0.276563 0.827778 0.085938 0.038889
0 0.305469 0.881250 0.090625 0.045833
0 0.421875 0.888889 0.042188 0.088889
0 0.423047 0.945139 0.050781 0.029167
0 0.430859 0.975000 0.049219 0.036111
0 0.161719 0.941667 0.096875 0.041667
0 0.314453 0.968750 0.060156 0.043056
0 0.279297 0.970139 0.024219 0.051389
0 0.261328 0.940278 0.082031 0.058333
0 0.836328 0.032639 0.047656 0.048611
0 0.767969 0.050694 0.040625 0.084722
0 0.756641 0.109722 0.028906 0.144444
0 0.793359 0.150000 0.036719 0.094444
0 0.750781 0.118750 0.067188 0.068056
0 0.735547 0.100000 0.083594 0.072222
