0 0.684375 0.319444 0.112500 0.044444
0 0.654688 0.265278 0.078125 0.105556
0 0.714453 0.441667 0.064844 0.113889
0 0.309766 0.357639 0.111719 0.045833
0 0.354688 0.280556 0.076563 0.080556
0 0.363281 0.495139 0.073437 0.104167
0 0.516797 0.682639 0.066406 0.106944
0 0.385938 0.810417 0.046875 0.137500
0 0.661328 0.878472 0.046094 0.109722
0 0.441016 0.965278 0.085156 0.050000
0 0.921094 0.115972 0.075000 0.054167
0 0.942578 0.117361 0.089844 0.079167
0 0.920703 0.422222 0.027344 0.141667
0 0.853516 0.486111 0.017969 0.108333
0 0.877344 0.578472 0.025000 0.087500
0 0.937891 0.636111 0.088281 0.075000
0 0.948438 0.832639 0.056250 0.115278
