0 0.106641 0.257639 0.046094 0.090278
0 0.021094 0.570139 0.029687 0.115278
0 0.046484 0.736111 0.083594 0.030556
0 0.166016 0.793056 0.075781 0.061111
0 0.264844 0.451389 0.054688 0.111111
0 0.332812 0.465278 0.082813 0.052778
0 0.362500 0.354861 0.026563 0.129167
0 0.637109 0.603472 0.080469 0.062500
0 0.498047 0.829861 0.050781 0.068056
0 0.467969 0.898611 0.025000 0.108333
0 0.319531 0.934722 0.017188 0.100000
0 0.341406 0.963194 0.025000 0.048611
0 0.405469 0.768750 0.050000 0.079167
0 0.449609 0.772222 0.025781 0.072222
0 0.448828 0.793056 0.057031 0.061111
0 0.453125 0.829861 0.040625 0.068056
