0 0.848828 0.052083 0.078906 0.054167
0 0.843750 0.165278 0.062500 0.069444
0 0.839063 0.375000 0.031250 0.111111
0 0.833594 0.450694 0.075000 0.051389
0 0.728516 0.401389 0.024219 0.119444
0 0.609766 0.227083 0.064844 0.079167
0 0.475391 0.350000 0.057031 0.063889
0 0.471875 0.423611 0.084375 0.047222
0 0.384375 0.512500 0.078125 0.052778
0 0.427344 0.615278 0.062500 0.041667
0 0.504687 0.617361 0.065625 0.068056
0 0.323438 0.771528 0.079687 0.076389
0 0.492188 0.786111 0.056250 0.083333
0 0.833203 0.609028 0.077344 0.043056
0 0.816016 0.721528 0.044531 0.098611
0 0.944141 0.584028 0.025781 0.112500
0 0.958984 0.548611 0.035156 0.102778
