0 0.092969 0.183333 0.021875 0.158333
0 0.117969 0.365972 0.070313 0.068056
0 0.133984 0.492361 0.057031 0.104167
0 0.118359 0.966667 0.091406 0.061111
0 0.364844 0.890278 0.026563 0.138889
0 0.300391 0.722917 0.058594 0.126389
0 0.356641 0.644444 0.025781 0.108333
0 0.258984 0.472222 0.092969 0.050000
0 0.233203 0.330556 0.078906 0.047222
0 0.221094 0.247917 0.042188 0.106944
0 0.211328 0.979861 0.028906 0.051389
0 0.361719 0.225000 0.029687 0.072222
0 0.425781 0.229861 0.068750 0.109722
0 0.585938 0.220833 0.070313 0.113889
0 0.699609 0.063194 0.064844 0.048611
0 0.768750 0.240278 0.050000 0.080556
0 0.877734 0.260417 0.036719 0.126389
0 0.694531 0.514583 0.020312 0.109722
0 0.601172 0.682639 0.091406 0.062500
0 0.503516 0.799306 0.088281 0.056944
0 0.496875 0.893750 0.084375 0.070833
