0 0.144922 0.022917 0.028906 0.040278
0 0.181250 0.071528 0.028125 0.098611
0 0.237109 0.292361 0.089844 0.054167
0 0.175391 0.222222 0.085156 0.050000
0 0.176953 0.281250 0.038281 0.084722
0 0.361719 0.490972 0.096875 0.073611
0 0.269922 0.593056 0.036719 0.102778
0 0.112109 0.418750 0.046094 0.143056
0 0.107422 0.659028 0.080469 0.079167
0 0.041406 0.804167 0.029687 0.141667
0 0.267188 0.923611 0.085938 0.052778
0 0.212109 0.968056 0.096094 0.044444
0 0.361328 0.906250 0.083594 0.093056
0 0.596484 0.735417 0.117969 0.059722
0 0.597656 0.570139 0.076563 0.095833
0 0.566406 0.320139 0.040625 0.123611
0 0.603516 0.127083 0.035156 0.112500
0 0.582031 0.118056 0.059375 0.100000
0 0.705469 0.197222 0.043750 0.130556
0 0.793359 0.219444 0.039844 0.125000
0 0.789063 0.327778 0.034375 0.122222
0 0.858203 0.290278 0.060156 0.036111
