0 0.787891 0.105556 0.055469 0.105556
0 0.922656 0.163194 0.082813 0.076389
0 0.976563 0.563889 0.037500 0.119444
0 0.840234 0.631250 0.077344 0.040278
0 0.840625 0.386806 0.031250 0.098611
0 0.845703 0.464583 0.075781 0.065278
0 0.745313 0.418750 0.037500 0.112500
0 0.823438 0.727083 0.040625 0.093056
0 0.878516 0.775694 0.072656 0.045833
0 0.618750 0.227778 0.025000 0.111111
0 0.486719 0.350000 0.064062 0.047222
0 0.476172 0.432639 0.082031 0.054167
0 0.515234 0.623611 0.074219 0.052778
0 0.485938 0.811806 0.076563 0.065278
0 0.336328 0.647222 0.055469 0.080556
0 0.354688 0.759028 0.060938 0.073611
0 0.362109 0.829167 0.022656 0.116667
