0 0.701172 0.086806 0.088281 0.045833
0 0.701563 0.224306 0.037500 0.134722
0 0.587891 0.561806 0.030469 0.112500
0 0.521875 0.612500 0.075000 0.055556
0 0.476953 0.564583 0.071094 0.040278
0 0.425781 0.300000 0.060938 0.055556
0 0.359766 0.373611 0.060156 0.058333
0 0.301172 0.263889 0.060156 0.063889
0 0.230078 0.344444 0.025781 0.108333
0 0.055078 0.512500 0.046094 0.100000
0 0.142969 0.651389 0.073437 0.055556
0 0.155078 0.747222 0.075781 0.047222
0 0.275391 0.723611 0.060156 0.072222
0 0.073828 0.947917 0.060156 0.065278
