0 0.744922 0.078472 0.030469 0.087500
0 0.696484 0.082639 0.074219 0.068056
0 0.693750 0.244444 0.015625 0.116667
0 0.590234 0.547222 0.035156 0.100000
0 0.518750 0.606250 0.075000 0.056944
0 0.477734 0.565972 0.085156 0.048611
0 0.421484 0.295833 0.061719 0.061111
0 0.367578 0.381944 0.080469 0.044444
0 0.345313 0.311111 0.060938 0.097222
0 0.231641 0.359028 0.021094 0.123611
0 0.052734 0.509722 0.041406 0.094444
0 0.135937 0.634722 0.098438 0.055556
0 0.153906 0.744444 0.073437 0.044444
0 0.283594 0.724306 0.081250 0.043056
0 0.044141 0.939583 0.069531 0.034722
