0 0.310937 0.216667 0.042188 0.097222
0 0.220313 0.269444 0.059375 0.077778
0 0.216406 0.523611 0.059375 0.097222
0 0.520312 0.666667 0.053125 0.105556
0 0.455469 0.692361 0.079687 0.090278
0 0.581641 0.835417 0.046094 0.120833
0 0.735156 0.870139 0.020312 0.137500
0 0.721875 0.974306 0.040625 0.043056
0 0.696484 0.921528 0.041406 0.106944
0 0.936719 0.960417 0.092188 0.068056
0 0.962500 0.471528 0.068750 0.095833
0 0.949609 0.357639 0.067969 0.065278
0 0.905078 0.209722 0.069531 0.072222
0 0.794531 0.127778 0.057813 0.061111
