0 0.512891 0.120833 0.099219 0.069444
0 0.658984 0.112500 0.013281 0.152778
0 0.617188 0.317361 0.042188 0.140278
0 0.745703 0.268750 0.028906 0.156944
0 0.875000 0.051389 0.103125 0.044444
0 0.836328 0.386111 0.053906 0.136111
0 0.690625 0.620833 0.050000 0.100000
0 0.607813 0.814583 0.098438 0.070833
0 0.364453 0.952083 0.113281 0.081944
0 0.275000 0.632639 0.042188 0.120833
0 0.329688 0.484028 0.089062 0.062500
0 0.212500 0.277083 0.100000 0.065278
0 0.162109 0.211806 0.100781 0.056944
0 0.094141 0.422917 0.044531 0.148611
0 0.114844 0.700694 0.064062 0.129167
