0 0.106641 0.061806 0.022656 0.118056
0 0.698438 0.067361 0.103125 0.045833
0 0.871875 0.403472 0.034375 0.129167
0 0.768359 0.407639 0.028906 0.118056
0 0.905859 0.689583 0.049219 0.120833
0 0.962500 0.790278 0.023438 0.150000
0 0.896484 0.877083 0.091406 0.048611
0 0.761719 0.709028 0.087500 0.034722
0 0.805859 0.961806 0.110156 0.048611
0 0.582031 0.813889 0.065625 0.066667
0 0.519922 0.845833 0.058594 0.113889
0 0.414844 0.677778 0.100000 0.072222
0 0.326562 0.567361 0.037500 0.120833
0 0.317187 0.727083 0.029687 0.109722
0 0.376563 0.830556 0.076563 0.075000
0 0.421094 0.866667 0.043750 0.111111
0 0.434375 0.818056 0.075000 0.091667
0 0.204297 0.533333 0.067969 0.113889
0 0.156250 0.580556 0.029687 0.122222
