0 0.224609 0.074306 0.082031 0.129167
0 0.225000 0.365278 0.042188 0.205556
0 0.600391 0.074306 0.083594 0.137500
0 0.672656 0.264583 0.071875 0.154167
0 0.429297 0.595139 0.074219 0.140278
0 0.263672 0.745139 0.039844 0.151389
0 0.610156 0.834722 0.042188 0.163889
0 0.848828 0.338194 0.028906 0.156944
0 0.899609 0.404861 0.035156 0.159722
0 0.923047 0.655556 0.032031 0.172222
0 0.873047 0.844444 0.078906 0.075000
0 0.967969 0.546528 0.062500 0.148611
0 0.351563 0.936806 0.112500 0.093056
0 0.422656 0.961806 0.093750 0.065278
