0 0.045703 0.178472 0.063281 0.106944
0 0.160547 0.153472 0.083594 0.084722
0 0.191797 0.220833 0.025781 0.141667
0 0.124219 0.244444 0.039063 0.130556
0 0.371094 0.397917 0.045313 0.112500
0 0.369922 0.684028 0.022656 0.156944
0 0.267578 0.602083 0.103906 0.065278
0 0.631250 0.854861 0.075000 0.098611
0 0.905859 0.721528 0.021094 0.134722
0 0.713672 0.253472 0.082031 0.095833
0 0.737109 0.318056 0.085156 0.086111
0 0.760547 0.397917 0.067969 0.112500
0 0.751562 0.373611 0.112500 0.072222
0 0.338281 0.937500 0.112500 0.061111
0 0.232031 0.911111 0.092188 0.080556
0 0.127344 0.763889 0.043750 0.127778
0 0.096484 0.710417 0.094531 0.051389
0 0.149219 0.865972 0.059375 0.104167
0 0.137500 0.920833 0.075000 0.119444
