0 0.433984 0.074306 0.036719 0.143056
0 0.390625 0.263889 0.075000 0.080556
0 0.140234 0.250694 0.042969 0.165278
0 0.212109 0.520139 0.124219 0.059722
0 0.291797 0.905556 0.038281 0.108333
0 0.419922 0.909722 0.038281 0.133333
0 0.630469 0.865278 0.057813 0.155556
0 0.896484 0.936111 0.122656 0.094444
0 0.716797 0.635417 0.116406 0.048611
0 0.768359 0.707639 0.107031 0.095833
0 0.877734 0.340278 0.113281 0.055556
0 0.911328 0.062500 0.021094 0.161111
0 0.611719 0.088889 0.112500 0.055556
0 0.641797 0.153472 0.035156 0.129167
0 0.762109 0.310417 0.092969 0.087500
0 0.668750 0.272917 0.056250 0.095833
0 0.655078 0.334722 0.077344 0.113889
