0 0.278125 0.022917 0.123438 0.062500
0 0.167187 0.404167 0.031250 0.147222
0 0.228125 0.445139 0.037500 0.148611
0 0.312109 0.575694 0.064844 0.151389
0 0.252344 0.647222 0.026563 0.144444
0 0.484766 0.245139 0.028906 0.151389
0 0.551562 0.097222 0.032812 0.158333
0 0.542969 0.109028 0.101563 0.095833
0 0.836719 0.345139 0.060938 0.134722
0 0.833203 0.643056 0.036719 0.133333
0 0.691016 0.552083 0.135156 0.051389
0 0.529297 0.840278 0.067969 0.091667
0 0.513672 0.888194 0.085156 0.112500
0 0.464844 0.629167 0.059375 0.108333
0 0.464844 0.675000 0.126563 0.066667
0 0.642187 0.872917 0.115625 0.070833
0 0.746484 0.909722 0.113281 0.061111
