0 0.926172 0.030556 0.119531 0.055556
0 0.739844 0.120833 0.017188 0.166667
0 0.838672 0.301389 0.022656 0.163889
0 0.940234 0.438889 0.061719 0.136111
0 0.578516 0.148611 0.114844 0.097222
0 0.694141 0.347917 0.049219 0.170833
0 0.669531 0.758333 0.092188 0.100000
0 0.672266 0.932639 0.121094 0.056944
0 0.383203 0.547222 0.075781 0.127778
0 0.307031 0.718750 0.043750 0.151389
0 0.131641 0.781944 0.067969 0.152778
0 0.103906 0.477778 0.046875 0.161111
0 0.236719 0.319444 0.110937 0.083333
0 0.184375 0.235417 0.109375 0.068056
