0 0.074609 0.271528 0.046094 0.226389
0 0.428906 0.004861 0.117188 0.068056
0 0.297656 0.221528 0.051562 0.181944
0 0.583594 0.302778 0.068750 0.136111
0 0.507031 0.500000 0.057813 0.180556
0 0.325391 0.574306 0.069531 0.170833
0 0.183203 0.586806 0.042969 0.204167
0 0.897656 0.075694 0.064062 0.145833
0 0.878125 0.543056 0.087500 0.116667
0 0.880078 0.740972 0.128906 0.073611
0 0.610937 0.917361 0.120312 0.106944
0 0.163281 0.923611 0.092188 0.094444
0 0.112109 0.683333 0.092969 0.116667
0 0.080469 0.761806 0.093750 0.095833
