0 0.158203 0.170833 0.022656 0.105556
0 0.212500 0.655556 0.025000 0.136111
0 0.273438 0.645833 0.032812 0.136111
0 0.349609 0.622222 0.028906 0.122222
0 0.423047 0.689583 0.092969 0.040278
0 0.341016 0.738194 0.047656 0.134722
0 0.388281 0.831250 0.059375 0.070833
0 0.437109 0.872917 0.042969 0.101389
0 0.526172 0.856944 0.052344 0.100000
0 0.427734 0.780556 0.066406 0.058333
0 0.592188 0.807639 0.067188 0.068056
0 0.683594 0.672222 0.078125 0.069444
0 0.700781 0.125694 0.104687 0.048611
0 0.801953 0.487500 0.052344 0.075000
0 0.861719 0.462500 0.035937 0.158333
0 0.878906 0.683333 0.046875 0.119444
0 0.923828 0.788889 0.024219 0.163889
0 0.862109 0.897222 0.083594 0.052778
0 0.792188 0.977083 0.106250 0.040278
