0 0.108594 0.197222 0.070313 0.077778
0 0.076172 0.704861 0.057031 0.109722
0 0.117578 0.877083 0.047656 0.098611
0 0.191016 0.890278 0.085156 0.061111
0 0.155078 0.963194 0.016406 0.054167
0 0.102734 0.915278 0.057031 0.113889
0 0.219922 0.617361 0.096094 0.051389
0 0.271484 0.697222 0.060156 0.050000
0 0.318359 0.440278 0.044531 0.102778
0 0.373047 0.500000 0.041406 0.080556
0 0.603906 0.858333 0.040625 0.116667
0 0.725000 0.592361 0.093750 0.068056
0 0.676172 0.427083 0.058594 0.101389
0 0.645312 0.348611 0.087500 0.088889
0 0.643359 0.318750 0.078906 0.073611
0 0.582031 0.217361 0.073437 0.073611
