0 0.328516 0.225000 0.027344 0.130556
0 0.418359 0.335417 0.036719 0.090278
0 0.378125 0.450000 0.050000 0.050000
0 0.535156 0.639583 0.051562 0.109722
0 0.736328 0.431250 0.096094 0.029167
0 0.725000 0.120833 0.057813 0.080556
0 0.869922 0.105556 0.088281 0.061111
0 0.969922 0.324306 0.047656 0.056944
0 0.982031 0.436806 0.031250 0.045833
0 0.987500 0.232639 0.021875 0.070833
0 0.969922 0.959028 0.052344 0.068056
0 0.762500 0.871528 0.028125 0.156944
0 0.675781 0.829861 0.026563 0.084722
0 0.660547 0.918056 0.033594 0.127778
0 0.610547 0.855556 0.077344 0.052778
