0 0.289453 0.138889 0.064844 0.083333
0 0.333594 0.220833 0.048437 0.083333
0 0.464844 0.245139 0.012500 0.145833
0 0.608203 0.051389 0.055469 0.044444
0 0.790625 0.250000 0.034375 0.111111
0 0.641406 0.373611 0.034375 0.136111
0 0.640234 0.485417 0.049219 0.098611
0 0.362891 0.560417 0.030469 0.134722
0 0.273438 0.653472 0.040625 0.118056
0 0.308594 0.880556 0.028125 0.116667
0 0.183594 0.750000 0.053125 0.119444
0 0.171094 0.483333 0.081250 0.058333
0 0.056250 0.261111 0.068750 0.069444
0 0.132813 0.252083 0.032812 0.118056
0 0.137891 0.333333 0.053906 0.088889
0 0.040625 0.372222 0.067188 0.052778
0 0.055859 0.495833 0.064844 0.080556
0 0.555078 0.745139 0.052344 0.034722
0 0.475000 0.822222 0.050000 0.047222
0 0.185937 0.953472 0.084375 0.031944
0 0.034375 0.953472 0.062500 0.056944
