0 0.281641 0.239583 0.022656 0.131944
0 0.188281 0.281250 0.053125 0.090278
0 0.373828 0.348611 0.052344 0.086111
0 0.412109 0.556250 0.050781 0.112500
0 0.485938 0.659722 0.053125 0.080556
0 0.668750 0.457639 0.087500 0.051389
0 0.673437 0.127778 0.057813 0.083333
0 0.804688 0.127083 0.078125 0.054167
0 0.956641 0.223611 0.075781 0.097222
0 0.932422 0.341667 0.067969 0.044444
0 0.951953 0.473611 0.074219 0.083333
0 0.711328 0.872917 0.027344 0.143056
0 0.633203 0.837500 0.044531 0.097222
0 0.566797 0.852083 0.091406 0.056944
0 0.587109 0.947917 0.027344 0.090278
0 0.917578 0.959722 0.063281 0.061111
