0 0.394922 0.070833 0.091406 0.066667
0 0.271094 0.451389 0.021875 0.166667
0 0.158203 0.797917 0.102344 0.045833
0 0.061328 0.645139 0.052344 0.137500
0 0.181250 0.938889 0.090625 0.058333
0 0.380859 0.911806 0.103906 0.043056
0 0.432813 0.521528 0.101563 0.037500
0 0.503125 0.391667 0.076563 0.063889
0 0.583203 0.721528 0.075781 0.043056
0 0.628125 0.769444 0.081250 0.061111
0 0.709766 0.698611 0.047656 0.116667
0 0.798828 0.475000 0.049219 0.130556
0 0.876562 0.245833 0.046875 0.083333
0 0.894531 0.161111 0.039063 0.077778
0 0.842578 0.119444 0.078906 0.111111
