0 0.668750 0.068750 0.026563 0.120833
0 0.775000 0.356250 0.053125 0.109722
0 0.119531 0.092361 0.079687 0.068056
0 0.018750 0.152778 0.021875 0.111111
0 0.141797 0.456944 0.071094 0.100000
0 0.200781 0.422222 0.053125 0.088889
0 0.200781 0.338889 0.021875 0.116667
0 0.250781 0.218056 0.059375 0.100000
0 0.289453 0.312500 0.063281 0.077778
0 0.303906 0.339583 0.018750 0.101389
0 0.362891 0.381944 0.078906 0.072222
0 0.491016 0.227083 0.049219 0.079167
0 0.422656 0.252778 0.076563 0.075000
0 0.405469 0.290972 0.064062 0.084722
0 0.155859 0.588194 0.038281 0.106944
0 0.239844 0.610417 0.103125 0.037500
0 0.330078 0.772222 0.032031 0.144444
0 0.165234 0.714583 0.082031 0.070833
0 0.037500 0.730556 0.060938 0.044444
0 0.096094 0.543750 0.064062 0.062500
0 0.045703 0.573611 0.064844 0.069444
0 0.495703 0.587500 0.019531 0.119444
0 0.693750 0.795833 0.035937 0.077778
0 0.612500 0.704167 0.050000 0.097222
0 0.595703 0.790278 0.100781 0.047222
