0 0.151953 0.493750 0.028906 0.137500
0 0.391406 0.272222 0.070313 0.119444
0 0.651953 0.104861 0.103906 0.126389
0 0.511719 0.519444 0.093750 0.072222
0 0.389062 0.600000 0.017188 0.147222
0 0.331641 0.706250 0.074219 0.079167
0 0.251563 0.813889 0.078125 0.094444
0 0.935938 0.674306 0.062500 0.093056
0 0.660937 0.660417 0.067188 0.109722
0 0.856641 0.695139 0.080469 0.081944
0 0.842188 0.761111 0.076563 0.105556
0 0.788281 0.857639 0.090625 0.084722
0 0.723047 0.803472 0.022656 0.101389
0 0.712500 0.773611 0.089062 0.108333
0 0.601953 0.815278 0.027344 0.161111
0 0.598828 0.898611 0.063281 0.105556
0 0.530859 0.936806 0.089844 0.098611
