0 0.734766 0.147917 0.111719 0.095833
0 0.892187 0.443056 0.026563 0.158333
0 0.984766 0.845833 0.028906 0.161111
0 0.757031 0.541667 0.067188 0.083333
0 0.660156 0.797917 0.084375 0.081944
0 0.749219 0.933333 0.018750 0.122222
0 0.723047 0.963889 0.028906 0.066667
0 0.645312 0.930556 0.090625 0.052778
0 0.399609 0.370833 0.071094 0.044444
0 0.308203 0.437500 0.071094 0.036111
0 0.438281 0.685417 0.096875 0.045833
0 0.398438 0.758333 0.025000 0.141667
0 0.327734 0.668750 0.060156 0.095833
0 0.355078 0.760417 0.042969 0.120833
0 0.329688 0.835417 0.048437 0.084722
0 0.469922 0.877083 0.075781 0.065278
0 0.501562 0.920833 0.060938 0.052778
