0 0.731250 0.082639 0.068750 0.087500
0 0.782031 0.219444 0.051562 0.091667
0 0.981250 0.238194 0.028125 0.129167
0 0.959375 0.445833 0.068750 0.066667
0 0.630078 0.376389 0.046094 0.061111
0 0.456641 0.426389 0.057031 0.116667
0 0.284766 0.273611 0.094531 0.041667
0 0.374609 0.397222 0.082031 0.097222
0 0.329688 0.415278 0.040625 0.127778
0 0.245312 0.386806 0.050000 0.112500
0 0.203516 0.336806 0.041406 0.120833
0 0.319531 0.598611 0.071875 0.072222
0 0.371875 0.658333 0.085938 0.069444
0 0.396094 0.530556 0.056250 0.094444
0 0.443750 0.610417 0.053125 0.048611
0 0.449609 0.652083 0.049219 0.051389
0 0.542578 0.654861 0.083594 0.043056
0 0.561719 0.748611 0.048437 0.094444
0 0.512500 0.765972 0.057813 0.090278
0 0.648047 0.790278 0.072656 0.052778
0 0.773828 0.966667 0.078906 0.061111
0 0.930859 0.938194 0.041406 0.087500
