0 0.572266 0.050000 0.071094 0.072222
0 0.642578 0.150694 0.066406 0.098611
0 0.755859 0.057639 0.078906 0.056944
0 0.844531 0.097917 0.056250 0.095833
0 0.744531 0.179167 0.020312 0.119444
0 0.757031 0.264583 0.046875 0.134722
0 0.841016 0.296528 0.050781 0.098611
0 0.811719 0.400000 0.045313 0.108333
0 0.647656 0.775694 0.020312 0.118056
0 0.162891 0.090972 0.024219 0.120833
0 0.085938 0.063889 0.073437 0.072222
0 0.094922 0.181250 0.039844 0.084722
0 0.170703 0.271528 0.089844 0.081944
0 0.071875 0.386111 0.025000 0.152778
0 0.071484 0.596528 0.092969 0.029167
0 0.192969 0.494444 0.084375 0.108333
0 0.262891 0.668056 0.052344 0.119444
0 0.150391 0.759028 0.058594 0.087500
0 0.381641 0.925000 0.071094 0.100000
0 0.436719 0.893056 0.065625 0.072222
0 0.305469 0.050694 0.067188 0.070833
