0 0.772656 0.072917 0.076563 0.045833
0 0.794531 0.031250 0.046875 0.059722
0 0.958594 0.044444 0.025000 0.075000
0 0.757813 0.111111 0.032812 0.130556
0 0.523828 0.178472 0.069531 0.104167
0 0.425781 0.312500 0.037500 0.138889
0 0.324609 0.465972 0.096094 0.031944
0 0.403516 0.522917 0.046094 0.109722
0 0.542578 0.734722 0.047656 0.100000
0 0.306641 0.777778 0.072656 0.066667
0 0.181250 0.752778 0.053125 0.105556
0 0.669531 0.330556 0.009375 0.136111
0 0.685156 0.305556 0.023438 0.083333
0 0.805078 0.422222 0.066406 0.077778
0 0.726172 0.484722 0.047656 0.086111
0 0.860937 0.536806 0.060938 0.076389
0 0.893750 0.760417 0.073437 0.079167
