0 0.158984 0.147222 0.033594 0.086111
0 0.258203 0.131944 0.069531 0.050000
0 0.258984 0.256944 0.028906 0.102778
0 0.182422 0.281250 0.021094 0.118056
0 0.254297 0.514583 0.044531 0.106944
0 0.314453 0.591667 0.075781 0.047222
0 0.346484 0.512500 0.035156 0.100000
0 0.189063 0.888889 0.060938 0.083333
0 0.196875 0.973611 0.023438 0.044444
0 0.118750 0.952083 0.065625 0.073611
0 0.320313 0.954167 0.087500 0.063889
0 0.503516 0.897917 0.086719 0.034722
0 0.572266 0.958333 0.058594 0.069444
0 0.424219 0.224306 0.056250 0.073611
0 0.442969 0.141667 0.023438 0.091667
0 0.594141 0.320833 0.053906 0.108333
0 0.735937 0.521528 0.070313 0.101389
0 0.774219 0.634028 0.029687 0.073611
0 0.789063 0.725000 0.023438 0.097222
0 0.668750 0.645833 0.032812 0.147222
0 0.622656 0.795139 0.085938 0.043056
0 0.730078 0.964583 0.072656 0.065278
0 0.819922 0.969444 0.032031 0.036111
