0 0.775000 0.084028 0.073437 0.090278
0 0.823438 0.234722 0.035937 0.105556
0 0.509375 0.477083 0.040625 0.126389
0 0.603516 0.611111 0.085156 0.033333
0 0.326172 0.251389 0.092969 0.063889
0 0.254687 0.297222 0.054688 0.102778
0 0.295312 0.361806 0.034375 0.073611
0 0.406641 0.367361 0.063281 0.079167
0 0.390234 0.447917 0.041406 0.126389
0 0.378125 0.591667 0.079687 0.058333
0 0.421094 0.623611 0.070313 0.091667
0 0.456250 0.519444 0.051562 0.063889
0 0.496875 0.593750 0.048437 0.043056
0 0.500781 0.632639 0.053125 0.051389
0 0.563672 0.752083 0.058594 0.123611
0 0.626172 0.809722 0.036719 0.130556
0 0.687500 0.763889 0.076563 0.083333
0 0.818750 0.937500 0.095312 0.086111
0 0.971484 0.926389 0.039844 0.091667
0 0.680078 0.374306 0.069531 0.043056
