0 0.113281 0.052083 0.050000 0.056944
0 0.120312 0.159722 0.021875 0.102778
0 0.056641 0.130556 0.066406 0.069444
0 0.057031 0.220833 0.042188 0.094444
0 0.131641 0.322917 0.064844 0.090278
0 0.136719 0.484028 0.075000 0.068056
0 0.051562 0.382639 0.039063 0.104167
0 0.046875 0.579861 0.082813 0.029167
0 0.100000 0.714583 0.056250 0.068056
0 0.209375 0.638194 0.056250 0.093056
0 0.349219 0.828472 0.053125 0.098611
0 0.299609 0.878472 0.066406 0.123611
0 0.316016 0.969444 0.057031 0.052778
0 0.238672 0.118056 0.074219 0.077778
0 0.409766 0.075694 0.080469 0.034722
0 0.472656 0.111806 0.046875 0.062500
0 0.527734 0.207639 0.060156 0.076389
0 0.614062 0.128472 0.076563 0.070833
0 0.701172 0.127083 0.038281 0.081944
0 0.601172 0.239583 0.027344 0.084722
0 0.623047 0.274306 0.030469 0.098611
0 0.693750 0.323611 0.050000 0.091667
0 0.671094 0.406944 0.040625 0.077778
0 0.536719 0.736111 0.028125 0.105556
