0 0.802734 0.036806 0.042969 0.056944
0 0.767578 0.058333 0.061719 0.083333
0 0.748828 0.120833 0.049219 0.108333
0 0.622656 0.088889 0.057813 0.061111
0 0.447656 0.277778 0.037500 0.119444
0 0.370703 0.414583 0.074219 0.043056
0 0.435547 0.467361 0.052344 0.090278
0 0.239063 0.678472 0.045313 0.073611
0 0.331250 0.722917 0.075000 0.065278
0 0.560156 0.671528 0.043750 0.101389
0 0.453906 0.955556 0.021875 0.080556
0 0.807031 0.397917 0.064062 0.087500
0 0.857422 0.508333 0.067969 0.072222
0 0.732813 0.458333 0.039063 0.069444
0 0.872656 0.720139 0.065625 0.093056
0 0.677344 0.305556 0.012500 0.116667
0 0.693750 0.282639 0.034375 0.098611
