0 0.109375 0.104167 0.032812 0.077778
0 0.132813 0.239583 0.021875 0.129167
0 0.199219 0.247917 0.057813 0.051389
0 0.208984 0.069444 0.085156 0.050000
0 0.344922 0.152083 0.057031 0.068056
0 0.394531 0.120833 0.053125 0.094444
0 0.551562 0.279861 0.053125 0.106944
0 0.710156 0.490972 0.068750 0.098611
0 0.753125 0.622222 0.040625 0.127778
0 0.792969 0.704167 0.032812 0.069444
0 0.641797 0.614583 0.036719 0.118056
0 0.309766 0.465972 0.049219 0.076389
0 0.241797 0.488194 0.099219 0.062500
0 0.278906 0.564583 0.059375 0.059722
0 0.607813 0.815278 0.087500 0.052778
0 0.699219 0.951389 0.060938 0.072222
0 0.790234 0.958333 0.041406 0.058333
0 0.533203 0.944444 0.061719 0.072222
0 0.464453 0.889583 0.083594 0.065278
0 0.132422 0.871528 0.063281 0.065278
0 0.066797 0.942361 0.066406 0.068056
0 0.141406 0.959028 0.021875 0.059722
0 0.276953 0.950000 0.080469 0.058333
