0 0.184766 0.061806 0.017969 0.081944
0 0.232031 0.259722 0.029687 0.113889
0 0.295703 0.261806 0.017969 0.131944
0 0.212500 0.370139 0.048437 0.106944
0 0.383203 0.529861 0.047656 0.062500
0 0.294531 0.535417 0.039063 0.087500
0 0.310156 0.534028 0.037500 0.043056
0 0.530859 0.572917 0.039844 0.093056
0 0.346484 0.668056 0.058594 0.080556
0 0.462109 0.689583 0.064844 0.076389
0 0.457031 0.656944 0.048437 0.058333
0 0.520703 0.768750 0.022656 0.098611
0 0.557031 0.893750 0.081250 0.026389
0 0.601563 0.800000 0.015625 0.113889
0 0.644531 0.848611 0.059375 0.063889
0 0.647266 0.947917 0.077344 0.023611
0 0.763672 0.651389 0.077344 0.050000
0 0.886719 0.606944 0.050000 0.069444
0 0.933594 0.653472 0.064062 0.026389
0 0.943359 0.527778 0.080469 0.038889
0 0.946484 0.338194 0.052344 0.084722
0 0.728125 0.306944 0.048437 0.063889
0 0.722266 0.195139 0.067969 0.076389
0 0.916016 0.092361 0.032031 0.101389
0 0.954297 0.106944 0.033594 0.086111
0 0.956641 0.058333 0.057031 0.075000
