0 0.051562 0.088889 0.032812 0.094444
0 0.089062 0.106944 0.025000 0.066667
0 0.098047 0.057639 0.046094 0.079167
0 0.165625 0.252083 0.068750 0.087500
0 0.081250 0.319444 0.048437 0.069444
0 0.173828 0.414583 0.069531 0.068056
0 0.082422 0.505556 0.088281 0.033333
0 0.026953 0.575694 0.041406 0.051389
0 0.072266 0.632639 0.067969 0.023611
0 0.235156 0.497222 0.079687 0.063889
0 0.378125 0.730556 0.026563 0.069444
0 0.351172 0.795139 0.039844 0.031944
0 0.375781 0.836806 0.017188 0.087500
0 0.509766 0.585417 0.014844 0.104167
0 0.540234 0.660417 0.022656 0.095833
0 0.676562 0.433333 0.054688 0.088889
0 0.710938 0.111111 0.012500 0.091667
0 0.710547 0.047917 0.032031 0.059722
0 0.638281 0.054167 0.053125 0.066667
0 0.639063 0.117361 0.015625 0.073611
0 0.627344 0.165972 0.031250 0.098611
0 0.540625 0.143056 0.050000 0.072222
0 0.455859 0.039583 0.074219 0.037500
0 0.295312 0.079167 0.076563 0.036111
