0 0.227734 0.285417 0.088281 0.040278
0 0.180078 0.279167 0.027344 0.105556
0 0.171484 0.225000 0.083594 0.038889
0 0.114063 0.424306 0.035937 0.137500
0 0.099219 0.659028 0.084375 0.065278
0 0.049219 0.862500 0.034375 0.150000
0 0.274609 0.611806 0.035156 0.106944
0 0.364453 0.497917 0.080469 0.081944
0 0.367188 0.909722 0.085938 0.083333
0 0.217578 0.927778 0.078906 0.036111
0 0.210156 0.973611 0.081250 0.047222
0 0.565625 0.328472 0.046875 0.112500
0 0.594531 0.566667 0.051562 0.088889
0 0.598828 0.747222 0.110156 0.047222
0 0.713281 0.202083 0.021875 0.145833
0 0.608203 0.132639 0.022656 0.093056
0 0.586719 0.102083 0.043750 0.101389
0 0.795313 0.225694 0.035937 0.104167
0 0.781641 0.322222 0.028906 0.086111
