0 0.765625 0.054861 0.054688 0.090278
0 0.816016 0.044444 0.022656 0.069444
0 0.481641 0.248611 0.024219 0.144444
0 0.485156 0.372917 0.056250 0.104167
0 0.317187 0.507639 0.070313 0.081944
0 0.309766 0.775694 0.052344 0.090278
0 0.186719 0.952778 0.035937 0.088889
0 0.458203 0.511111 0.036719 0.100000
0 0.559375 0.725000 0.043750 0.125000
0 0.747656 0.495139 0.060938 0.123611
0 0.813672 0.433333 0.089844 0.055556
0 0.875781 0.543750 0.059375 0.076389
0 0.689062 0.335417 0.025000 0.137500
0 0.694922 0.314583 0.061719 0.081944
0 0.903516 0.817361 0.069531 0.073611
