0 0.279687 0.040972 0.050000 0.068056
0 0.267578 0.096528 0.041406 0.059722
0 0.482031 0.156250 0.056250 0.076389
0 0.127734 0.133333 0.032031 0.091667
0 0.146484 0.250694 0.017969 0.109722
0 0.143359 0.313194 0.017969 0.101389
0 0.269531 0.385417 0.045313 0.079167
0 0.275391 0.222917 0.033594 0.106944
0 0.664844 0.499306 0.046875 0.112500
0 0.705859 0.615278 0.036719 0.088889
0 0.772266 0.784028 0.025781 0.115278
0 0.739062 0.848611 0.059375 0.077778
0 0.738672 0.940278 0.017969 0.111111
0 0.616406 0.646528 0.021875 0.106944
0 0.663281 0.877083 0.046875 0.076389
0 0.660937 0.945139 0.012500 0.095833
0 0.648438 0.968056 0.010937 0.058333
0 0.517578 0.782639 0.064844 0.068056
0 0.475000 0.866667 0.075000 0.044444
0 0.550000 0.966667 0.042188 0.055556
0 0.288672 0.573611 0.046094 0.061111
0 0.299219 0.464583 0.048437 0.051389
0 0.313281 0.437500 0.035937 0.050000
0 0.149219 0.822917 0.053125 0.054167
0 0.092969 0.925694 0.034375 0.070833
0 0.092578 0.890278 0.057031 0.061111
0 0.054297 0.917361 0.042969 0.087500
0 0.305469 0.906944 0.071875 0.052778
