0 0.247656 0.187500 0.026563 0.127778
0 0.341797 0.381944 0.055469 0.102778
0 0.460156 0.643750 0.046875 0.104167
0 0.406250 0.801389 0.043750 0.144444
0 0.571875 0.943750 0.056250 0.070833
0 0.692578 0.874306 0.021094 0.131944
0 0.669531 0.875000 0.032812 0.122222
0 0.640625 0.425000 0.100000 0.050000
0 0.653125 0.069444 0.018750 0.122222
0 0.764453 0.079861 0.071094 0.070833
0 0.935938 0.120139 0.032812 0.109722
0 0.942969 0.197917 0.079687 0.065278
0 0.912891 0.325694 0.078906 0.070833
0 0.935547 0.452083 0.067969 0.112500
0 0.634766 0.813889 0.032031 0.122222
