0 0.070313 0.184028 0.040625 0.106944
0 0.071094 0.251389 0.068750 0.052778
0 0.153516 0.237500 0.030469 0.122222
0 0.164453 0.329167 0.069531 0.036111
0 0.190234 0.476389 0.096094 0.027778
0 0.049609 0.372222 0.067969 0.066667
0 0.070313 0.493750 0.073437 0.068056
0 0.285547 0.653472 0.032031 0.131944
0 0.301953 0.136806 0.078906 0.056944
0 0.356250 0.221528 0.054688 0.076389
0 0.486328 0.223611 0.027344 0.127778
0 0.629297 0.052083 0.071094 0.029167
0 0.802344 0.241667 0.028125 0.108333
0 0.719531 0.513194 0.050000 0.101389
0 0.621875 0.509028 0.070313 0.054167
0 0.657812 0.443750 0.032812 0.120833
0 0.500391 0.843750 0.063281 0.045833
0 0.306641 0.915972 0.044531 0.087500
0 0.253516 0.947222 0.066406 0.041667
