0 0.125781 0.033333 0.037500 0.086111
0 0.166406 0.031250 0.028125 0.106944
0 0.173047 0.169444 0.052344 0.036111
0 0.216797 0.481250 0.036719 0.037500
0 0.296875 0.547222 0.040625 0.152778
0 0.479688 0.515278 0.120312 0.047222
0 0.527734 0.738194 0.091406 0.079167
0 0.401563 0.869444 0.084375 0.086111
0 0.588672 0.931250 0.091406 0.054167
0 0.554688 0.978472 0.100000 0.040278
0 0.671484 0.984722 0.097656 0.022222
0 0.562109 0.029167 0.078906 0.075000
0 0.668750 0.132639 0.090625 0.048611
0 0.822266 0.250000 0.030469 0.108333
0 0.863672 0.480556 0.046094 0.141667
0 0.927734 0.746528 0.052344 0.123611
0 0.734375 0.597917 0.075000 0.040278
0 0.786328 0.592361 0.061719 0.129167
0 0.936328 0.036806 0.024219 0.073611
0 0.967188 0.027083 0.045313 0.062500
0 0.845312 0.179167 0.085938 0.041667
0 0.810547 0.123611 0.036719 0.055556
0 0.817578 0.086806 0.016406 0.054167
0 0.855469 0.080556 0.056250 0.038889
0 0.870313 0.109028 0.045313 0.062500
0 0.841797 0.129167 0.060156 0.088889
