0 0.076953 0.150000 0.067969 0.080556
0 0.141797 0.031250 0.049219 0.084722
0 0.214453 0.036806 0.071094 0.056944
0 0.335547 0.085417 0.058594 0.106944
0 0.342969 0.042361 0.051562 0.070833
0 0.373437 0.036111 0.042188 0.061111
0 0.438281 0.114583 0.059375 0.093056
0 0.423828 0.188194 0.069531 0.068056
0 0.397266 0.276389 0.035156 0.055556
0 0.233984 0.235417 0.047656 0.112500
0 0.164453 0.469444 0.044531 0.116667
0 0.018750 0.509028 0.045313 0.048611
0 0.010156 0.590972 0.029687 0.084722
0 0.405078 0.692361 0.044531 0.131944
0 0.167969 0.651389 0.040625 0.122222
0 0.204297 0.757639 0.047656 0.090278
0 0.292969 0.810417 0.081250 0.073611
0 0.358203 0.840278 0.035156 0.119444
0 0.169141 0.869444 0.085156 0.063889
0 0.178906 0.877083 0.048437 0.034722
0 0.232422 0.819444 0.074219 0.086111
0 0.011719 0.713194 0.023438 0.112500
0 0.019141 0.720139 0.038281 0.034722
0 0.016406 0.846528 0.032812 0.079167
0 0.061719 0.911806 0.045313 0.101389
0 0.007422 0.950000 0.030469 0.044444
0 0.021094 0.976389 0.028125 0.038889
0 0.113281 0.929167 0.018750 0.108333
0 0.098047 0.918056 0.028906 0.111111
0 0.168359 0.957639 0.041406 0.073611
0 0.603906 0.924306 0.023438 0.118056
0 0.727344 0.721528 0.079687 0.112500
0 0.785937 0.562500 0.070313 0.061111
0 0.746094 0.434028 0.028125 0.056944
0 0.715234 0.373611 0.072656 0.077778
