0 0.384766 0.143750 0.077344 0.070833
0 0.311719 0.165278 0.060938 0.130556
0 0.212891 0.255556 0.071094 0.105556
0 0.195703 0.387500 0.050781 0.119444
0 0.232812 0.458333 0.098438 0.061111
0 0.236719 0.459722 0.045313 0.038889
0 0.045313 0.634722 0.064062 0.097222
0 0.366016 0.662500 0.047656 0.141667
0 0.421875 0.634722 0.060938 0.088889
0 0.569531 0.900000 0.060938 0.086111
0 0.627344 0.625000 0.053125 0.091667
0 0.687500 0.595833 0.065625 0.133333
0 0.677734 0.494444 0.085156 0.075000
0 0.809375 0.209028 0.057813 0.129167
0 0.795703 0.107639 0.105469 0.029167
0 0.846094 0.028472 0.048437 0.029167
0 0.824609 0.075000 0.021094 0.116667
0 0.762500 0.054861 0.098438 0.068056
0 0.177734 0.043056 0.036719 0.075000
0 0.075391 0.204861 0.077344 0.031944
0 0.135156 0.211806 0.081250 0.048611
0 0.142188 0.206250 0.057813 0.076389
0 0.111328 0.122222 0.011719 0.100000
0 0.133984 0.115972 0.027344 0.104167
0 0.140625 0.108333 0.042188 0.102778
0 0.091797 0.057639 0.072656 0.029167
0 0.012109 0.127083 0.017969 0.118056
0 0.046484 0.115972 0.044531 0.112500
0 0.028516 0.059028 0.038281 0.084722
