0 0.532812 0.131250 0.034375 0.090278
0 0.563281 0.192361 0.032812 0.123611
0 0.582422 0.152083 0.041406 0.129167
0 0.735156 0.400694 0.026563 0.126389
0 0.562891 0.363889 0.097656 0.052778
0 0.357422 0.429861 0.072656 0.059722
0 0.203125 0.555556 0.079687 0.072222
0 0.339453 0.570833 0.063281 0.111111
0 0.209766 0.693750 0.022656 0.126389
0 0.248437 0.817361 0.032812 0.056944
0 0.182812 0.977083 0.025000 0.040278
0 0.481250 0.743056 0.020312 0.125000
0 0.550781 0.754861 0.050000 0.051389
0 0.432422 0.834028 0.038281 0.123611
0 0.444531 0.913889 0.095312 0.063889
0 0.698828 0.765972 0.080469 0.087500
0 0.793750 0.629861 0.034375 0.131944
0 0.817578 0.683333 0.035156 0.052778
0 0.850781 0.649306 0.071875 0.090278
0 0.843750 0.736806 0.073437 0.056944
0 0.960156 0.302778 0.046875 0.133333
0 0.897656 0.449306 0.098438 0.051389
0 0.963672 0.501389 0.069531 0.052778
0 0.889063 0.515972 0.095312 0.051389
0 0.906641 0.617361 0.025781 0.112500
0 0.964453 0.701389 0.063281 0.055556
0 0.985547 0.617361 0.019531 0.104167
0 0.921875 0.749306 0.014062 0.137500
0 0.948828 0.745833 0.069531 0.066667
0 0.985937 0.803472 0.026563 0.068056
0 0.955469 0.861111 0.037500 0.086111
0 0.949219 0.950000 0.021875 0.094444
0 0.910937 0.836111 0.018750 0.127778
0 0.882422 0.920139 0.071094 0.081944
0 0.841797 0.845139 0.032031 0.104167
0 0.845312 0.897917 0.020312 0.109722
0 0.815625 0.879861 0.020312 0.112500
0 0.821484 0.861111 0.027344 0.094444
0 0.765234 0.934028 0.077344 0.062500
0 0.750781 0.863889 0.026563 0.122222
0 0.785156 0.876389 0.042188 0.105556
0 0.773438 0.868750 0.042188 0.104167
0 0.974609 0.963889 0.049219 0.066667
