0 0.346094 0.264583 0.081250 0.095833
0 0.295312 0.359028 0.082813 0.056944
0 0.351563 0.484028 0.071875 0.087500
0 0.252734 0.819444 0.077344 0.080556
0 0.499219 0.663889 0.057813 0.113889
0 0.441797 0.950000 0.089844 0.052778
0 0.305469 0.967361 0.031250 0.056944
0 0.641797 0.255556 0.063281 0.080556
0 0.599219 0.324306 0.092188 0.056944
0 0.695703 0.433333 0.053906 0.097222
0 0.651172 0.872917 0.036719 0.131944
0 0.832422 0.477778 0.022656 0.127778
0 0.906641 0.396528 0.044531 0.129167
0 0.943359 0.158333 0.069531 0.063889
0 0.920703 0.106250 0.086719 0.065278
0 0.894141 0.533333 0.060156 0.072222
0 0.926953 0.631250 0.071094 0.081944
0 0.928516 0.825694 0.044531 0.093056
