0 0.638281 0.112500 0.028125 0.150000
0 0.542188 0.084722 0.096875 0.052778
0 0.563281 0.183333 0.050000 0.108333
0 0.568750 0.364583 0.096875 0.054167
0 0.445313 0.265278 0.067188 0.052778
0 0.418359 0.374306 0.036719 0.101389
0 0.269922 0.559722 0.028906 0.075000
0 0.234766 0.630556 0.022656 0.136111
0 0.209766 0.520833 0.063281 0.083333
0 0.476563 0.742361 0.025000 0.129167
0 0.429688 0.831944 0.028125 0.100000
0 0.442969 0.909722 0.085938 0.069444
0 0.363672 0.975000 0.032031 0.044444
0 0.602344 0.733333 0.076563 0.063889
0 0.698047 0.768056 0.085156 0.075000
0 0.735156 0.411806 0.025000 0.143056
0 0.787109 0.636111 0.024219 0.144444
0 0.813281 0.681944 0.032812 0.052778
0 0.847656 0.662500 0.078125 0.063889
0 0.887109 0.609722 0.064844 0.077778
0 0.915625 0.515278 0.081250 0.066667
0 0.892578 0.445833 0.097656 0.058333
0 0.982422 0.508333 0.033594 0.036111
0 0.983594 0.615972 0.029687 0.095833
0 0.966016 0.706944 0.063281 0.061111
0 0.890625 0.736111 0.051562 0.047222
0 0.920703 0.752083 0.025781 0.112500
0 0.908594 0.838889 0.023438 0.130556
0 0.957812 0.822222 0.017188 0.119444
0 0.976563 0.791667 0.045313 0.094444
0 0.962891 0.916667 0.044531 0.086111
0 0.980078 0.961806 0.038281 0.070833
0 0.874219 0.938194 0.056250 0.118056
0 0.839063 0.893750 0.023438 0.101389
0 0.840234 0.850000 0.027344 0.113889
0 0.812500 0.888889 0.012500 0.130556
0 0.812109 0.858333 0.033594 0.105556
0 0.764453 0.945139 0.088281 0.084722
0 0.749219 0.853472 0.028125 0.120833
0 0.777734 0.876389 0.036719 0.094444
0 0.767187 0.861806 0.035937 0.106944
