0 0.169922 0.011806 0.064844 0.034722
0 0.173828 0.090278 0.024219 0.144444
0 0.148438 0.293750 0.025000 0.181944
0 0.204297 0.328472 0.046094 0.106944
0 0.644141 0.121528 0.096094 0.062500
0 0.475391 0.526389 0.100781 0.061111
0 0.307031 0.672917 0.060938 0.037500
0 0.358203 0.782639 0.046094 0.126389
0 0.527734 0.755556 0.091406 0.063889
0 0.539453 0.844444 0.100781 0.047222
0 0.589844 0.905556 0.090625 0.061111
0 0.514063 0.907639 0.089062 0.034722
0 0.539063 0.942361 0.070313 0.054167
0 0.535937 0.974306 0.075000 0.040278
0 0.688281 0.445833 0.087500 0.066667
0 0.872656 0.522917 0.034375 0.162500
0 0.813281 0.653472 0.054688 0.112500
0 0.938672 0.791667 0.077344 0.100000
0 0.819531 0.261806 0.042188 0.101389
0 0.848437 0.193750 0.084375 0.037500
0 0.971875 0.104167 0.060938 0.047222
0 0.973437 0.034028 0.039063 0.048611
0 0.803125 0.066667 0.078125 0.047222
0 0.810938 0.136806 0.026563 0.040278
0 0.850391 0.121528 0.049219 0.040278
0 0.832031 0.160417 0.040625 0.059722
0 0.853906 0.138889 0.056250 0.066667
