0 0.134766 0.038889 0.067969 0.077778
0 0.093359 0.153472 0.086719 0.054167
0 0.126953 0.356250 0.069531 0.101389
0 0.174219 0.429861 0.035937 0.106944
0 0.037500 0.497917 0.068750 0.045833
0 0.073437 0.560417 0.070313 0.051389
0 0.177734 0.654861 0.049219 0.120833
0 0.008594 0.596528 0.032812 0.126389
0 0.012891 0.725000 0.039844 0.030556
0 0.013672 0.850694 0.027344 0.076389
0 0.014453 0.804167 0.014844 0.033333
0 0.010547 0.943750 0.027344 0.043056
0 0.027734 0.970833 0.021094 0.052778
0 0.064453 0.910417 0.080469 0.031944
0 0.090234 0.922917 0.063281 0.076389
0 0.168750 0.957639 0.037500 0.070833
0 0.189453 0.881944 0.046094 0.058333
0 0.236328 0.861111 0.057031 0.066667
0 0.212109 0.892361 0.058594 0.076389
0 0.249609 0.809722 0.053906 0.055556
0 0.294531 0.813194 0.067188 0.076389
0 0.356250 0.824306 0.031250 0.115278
0 0.426953 0.719444 0.064844 0.080556
0 0.609766 0.919444 0.027344 0.108333
0 0.729297 0.720139 0.053906 0.115278
0 0.829297 0.705556 0.036719 0.130556
0 0.211719 0.040972 0.057813 0.068056
0 0.303516 0.183333 0.064844 0.125000
0 0.343750 0.078472 0.060938 0.093056
0 0.379297 0.086111 0.063281 0.055556
0 0.417578 0.168056 0.058594 0.100000
0 0.480469 0.180556 0.079687 0.055556
0 0.569922 0.409722 0.035156 0.150000
0 0.699609 0.482639 0.057031 0.070833
0 0.763281 0.527778 0.046875 0.058333
0 0.732031 0.525694 0.051562 0.123611
0 0.739844 0.979167 0.046875 0.022222
0 0.822656 0.973611 0.021875 0.058333
