0 0.478125 0.148611 0.050000 0.066667
0 0.553516 0.100000 0.019531 0.086111
0 0.571875 0.188194 0.040625 0.115278
0 0.569922 0.365278 0.097656 0.044444
0 0.670703 0.111806 0.019531 0.145833
0 0.687500 0.042361 0.089062 0.054167
0 0.733203 0.404861 0.027344 0.148611
0 0.606250 0.589583 0.029687 0.065278
0 0.300781 0.418750 0.081250 0.062500
0 0.242188 0.577778 0.029687 0.141667
0 0.221484 0.485417 0.077344 0.045833
0 0.164844 0.920833 0.082813 0.052778
0 0.167578 0.981250 0.028906 0.031944
0 0.350391 0.863194 0.033594 0.134722
0 0.444141 0.905556 0.091406 0.063889
0 0.433203 0.832639 0.038281 0.126389
0 0.475781 0.734722 0.026563 0.102778
0 0.691406 0.764583 0.081250 0.084722
0 0.790234 0.631250 0.017969 0.134722
0 0.814062 0.679861 0.025000 0.045833
0 0.854297 0.656250 0.071094 0.070833
0 0.852344 0.574306 0.082813 0.062500
0 0.900391 0.451389 0.096094 0.050000
0 0.928906 0.521528 0.106250 0.043056
0 0.985547 0.614583 0.024219 0.115278
0 0.966797 0.710417 0.063281 0.040278
0 0.962500 0.802083 0.020312 0.104167
0 0.917188 0.756944 0.025000 0.113889
0 0.906250 0.734028 0.076563 0.037500
0 0.907812 0.836111 0.021875 0.102778
0 0.883984 0.934028 0.060156 0.076389
0 0.969531 0.918750 0.053125 0.087500
0 0.987500 0.822222 0.023438 0.058333
0 0.992188 0.795833 0.012500 0.050000
0 0.978125 0.963194 0.042188 0.065278
0 0.762891 0.935417 0.075781 0.054167
0 0.745313 0.857639 0.018750 0.112500
0 0.782812 0.876389 0.045313 0.066667
0 0.768750 0.864583 0.046875 0.093056
0 0.816406 0.886806 0.018750 0.098611
0 0.814844 0.863194 0.042188 0.081944
0 0.842188 0.888194 0.015625 0.081944
0 0.841406 0.860417 0.035937 0.093056
