0 0.172656 0.070833 0.035937 0.125000
0 0.187109 0.322222 0.039844 0.136111
0 0.152734 0.312500 0.039844 0.141667
0 0.294531 0.583333 0.059375 0.050000
0 0.478906 0.518056 0.100000 0.036111
0 0.375391 0.835417 0.038281 0.143056
0 0.532812 0.749306 0.092188 0.070833
0 0.526563 0.822222 0.109375 0.047222
0 0.594531 0.907639 0.092188 0.037500
0 0.541406 0.945139 0.071875 0.059722
0 0.483984 0.920833 0.078906 0.038889
0 0.498047 0.886806 0.082031 0.045833
0 0.651563 0.109028 0.092188 0.059722
0 0.691797 0.435417 0.072656 0.084722
0 0.817578 0.647917 0.064844 0.101389
0 0.886719 0.517361 0.021875 0.151389
0 0.944531 0.815972 0.067188 0.098611
0 0.822656 0.254167 0.042188 0.102778
0 0.846875 0.193056 0.095312 0.038889
0 0.930859 0.087500 0.074219 0.038889
0 0.970703 0.029167 0.028906 0.055556
0 0.792969 0.038194 0.089062 0.059722
0 0.827344 0.089583 0.023438 0.062500
0 0.836719 0.145139 0.034375 0.056944
0 0.816016 0.122222 0.046094 0.072222
0 0.855469 0.098611 0.040625 0.050000
0 0.857813 0.123611 0.084375 0.066667
