0 0.137500 0.054861 0.051562 0.079167
0 0.086328 0.155556 0.082031 0.083333
0 0.233984 0.038194 0.080469 0.059722
0 0.325000 0.051389 0.071875 0.077778
0 0.388281 0.096528 0.037500 0.093056
0 0.329297 0.153472 0.049219 0.104167
0 0.461328 0.192361 0.102344 0.090278
0 0.506250 0.281250 0.050000 0.073611
0 0.176172 0.411806 0.028906 0.131944
0 0.122266 0.382639 0.069531 0.098611
0 0.040625 0.492361 0.073437 0.065278
0 0.009766 0.592361 0.017969 0.081944
0 0.087500 0.595139 0.070313 0.095833
0 0.165234 0.650000 0.035156 0.144444
0 0.010937 0.727778 0.028125 0.033333
0 0.015625 0.836806 0.031250 0.070833
0 0.021875 0.877778 0.026563 0.072222
0 0.052734 0.906250 0.072656 0.048611
0 0.014062 0.965278 0.026563 0.055556
0 0.025781 0.965278 0.021875 0.063889
0 0.075781 0.965972 0.060938 0.059722
0 0.163281 0.960417 0.029687 0.056944
0 0.211328 0.906944 0.055469 0.066667
0 0.244141 0.897222 0.061719 0.063889
0 0.235938 0.927778 0.103125 0.075000
0 0.253906 0.811111 0.056250 0.052778
0 0.290234 0.837500 0.075781 0.072222
0 0.359766 0.854167 0.019531 0.091667
0 0.444922 0.803472 0.064844 0.079167
0 0.614062 0.945139 0.035937 0.101389
0 0.621094 0.477083 0.065625 0.059722
0 0.733594 0.734028 0.048437 0.109722
0 0.828125 0.751389 0.018750 0.102778
0 0.800391 0.695833 0.041406 0.052778
0 0.766797 0.613194 0.049219 0.073611
0 0.734375 0.558333 0.029687 0.086111
