0 0.603516 0.062500 0.027344 0.063889
0 0.711719 0.138889 0.043750 0.116667
0 0.714063 0.036806 0.090625 0.048611
0 0.543750 0.120139 0.067188 0.059722
0 0.569922 0.179861 0.032031 0.118056
0 0.567187 0.368056 0.090625 0.041667
0 0.304297 0.364583 0.086719 0.048611
0 0.227734 0.452778 0.027344 0.038889
0 0.257031 0.548611 0.026563 0.127778
0 0.362891 0.792361 0.033594 0.131944
0 0.443750 0.899306 0.081250 0.062500
0 0.432422 0.822917 0.030469 0.087500
0 0.476172 0.731250 0.035156 0.120833
0 0.176172 0.874306 0.061719 0.070833
0 0.174609 0.975000 0.022656 0.044444
0 0.626172 0.547917 0.030469 0.070833
0 0.728906 0.397222 0.031250 0.144444
0 0.696484 0.756250 0.075781 0.084722
0 0.792188 0.624306 0.031250 0.140278
0 0.819922 0.684722 0.039844 0.044444
0 0.851172 0.653472 0.085156 0.081944
0 0.845703 0.552778 0.099219 0.066667
0 0.907812 0.450000 0.112500 0.022222
0 0.928516 0.515972 0.097656 0.040278
0 0.986719 0.521528 0.021875 0.051389
0 0.988281 0.620139 0.018750 0.087500
0 0.966797 0.706250 0.058594 0.043056
0 0.919141 0.743750 0.016406 0.115278
0 0.906250 0.725000 0.065625 0.052778
0 0.919531 0.831250 0.045313 0.084722
0 0.882031 0.923611 0.059375 0.077778
0 0.960156 0.811806 0.023438 0.131944
0 0.992969 0.816667 0.010937 0.072222
0 0.970703 0.923611 0.046094 0.111111
0 0.978516 0.964583 0.041406 0.065278
0 0.766406 0.933333 0.089062 0.038889
0 0.746094 0.861806 0.023438 0.112500
0 0.782031 0.875694 0.037500 0.095833
0 0.769531 0.862500 0.040625 0.094444
0 0.818359 0.886806 0.013281 0.115278
0 0.818750 0.844444 0.032812 0.100000
0 0.845312 0.896528 0.023438 0.101389
0 0.848437 0.853472 0.042188 0.134722
