0 0.175000 0.071528 0.034375 0.131944
0 0.161719 0.410417 0.028125 0.159722
0 0.160938 0.316667 0.029687 0.069444
0 0.262500 0.544444 0.034375 0.094444
0 0.477734 0.517361 0.103906 0.054167
0 0.530469 0.736806 0.093750 0.059722
0 0.523438 0.818750 0.087500 0.037500
0 0.410937 0.839583 0.065625 0.048611
0 0.365234 0.859028 0.035156 0.129167
0 0.487109 0.878472 0.094531 0.073611
0 0.590234 0.897917 0.089844 0.054167
0 0.545703 0.943750 0.082031 0.059722
0 0.687891 0.447222 0.086719 0.075000
0 0.638281 0.106944 0.087500 0.058333
0 0.890234 0.066667 0.058594 0.044444
0 0.786328 0.034028 0.085156 0.068056
0 0.826953 0.092361 0.019531 0.062500
0 0.813672 0.122917 0.041406 0.068056
0 0.850391 0.192361 0.088281 0.037500
0 0.824219 0.251389 0.032812 0.108333
0 0.858984 0.096528 0.044531 0.051389
0 0.869141 0.121528 0.055469 0.051389
0 0.843359 0.158333 0.042969 0.072222
0 0.970703 0.022917 0.044531 0.045833
0 0.903516 0.527778 0.036719 0.130556
0 0.818359 0.650694 0.061719 0.098611
0 0.947266 0.837500 0.063281 0.097222
