0 0.654688 0.279167 0.078125 0.080556
0 0.651172 0.329861 0.050781 0.043056
0 0.642969 0.354167 0.065625 0.058333
0 0.684766 0.422917 0.050781 0.093056
0 0.725781 0.589583 0.087500 0.093056
0 0.128906 0.037500 0.070313 0.047222
0 0.112109 0.202083 0.072656 0.087500
0 0.321875 0.429861 0.048437 0.098611
0 0.373828 0.509722 0.055469 0.066667
0 0.224609 0.609028 0.092969 0.051389
0 0.284375 0.695139 0.048437 0.065278
0 0.080078 0.706250 0.061719 0.112500
0 0.117188 0.865278 0.046875 0.075000
0 0.190625 0.891667 0.082813 0.061111
0 0.109375 0.910417 0.065625 0.104167
0 0.287109 0.916667 0.092969 0.052778
0 0.609375 0.855556 0.043750 0.119444
