0 0.158984 0.029861 0.044531 0.098611
0 0.086719 0.159722 0.084375 0.066667
0 0.323438 0.053472 0.060938 0.073611
0 0.269141 0.033333 0.063281 0.066667
0 0.343359 0.122917 0.077344 0.098611
0 0.442969 0.143750 0.039063 0.106944
0 0.469922 0.216667 0.103906 0.058333
0 0.596094 0.331944 0.085938 0.102778
0 0.686719 0.582639 0.057813 0.079167
0 0.721484 0.570833 0.032031 0.055556
0 0.792188 0.720833 0.039063 0.088889
0 0.811328 0.688194 0.071094 0.065278
0 0.847266 0.768056 0.092969 0.061111
0 0.735547 0.711111 0.050781 0.111111
0 0.162891 0.400694 0.025781 0.118056
0 0.120703 0.381944 0.064844 0.086111
0 0.038672 0.484028 0.072656 0.070833
0 0.011328 0.584722 0.022656 0.075000
0 0.086328 0.577778 0.075781 0.058333
0 0.174609 0.643056 0.028906 0.127778
0 0.448828 0.800694 0.050781 0.101389
0 0.607422 0.926389 0.035156 0.105556
0 0.739844 0.977083 0.051562 0.040278
0 0.831641 0.971528 0.022656 0.051389
0 0.360547 0.854861 0.027344 0.104167
0 0.246484 0.873611 0.063281 0.075000
0 0.224219 0.905556 0.068750 0.061111
0 0.280469 0.905556 0.068750 0.055556
0 0.292969 0.811111 0.073437 0.050000
0 0.253125 0.809028 0.079687 0.070833
0 0.014453 0.789583 0.025781 0.104167
0 0.009766 0.851389 0.025781 0.116667
0 0.079297 0.909028 0.022656 0.059722
0 0.170312 0.950000 0.037500 0.094444
0 0.065234 0.950000 0.058594 0.047222
0 0.027344 0.965972 0.015625 0.056944
0 0.014844 0.936111 0.029687 0.036111
0 0.012500 0.702083 0.021875 0.043056
