0 0.178516 0.048611 0.033594 0.072222
0 0.147266 0.077778 0.057031 0.094444
0 0.132422 0.193750 0.038281 0.120833
0 0.115234 0.292361 0.033594 0.101389
0 0.102344 0.225000 0.071875 0.055556
0 0.062500 0.194444 0.042188 0.088889
0 0.023438 0.170833 0.028125 0.091667
0 0.038672 0.073611 0.038281 0.041667
0 0.023828 0.059722 0.028906 0.102778
0 0.051172 0.116667 0.038281 0.111111
0 0.080859 0.361111 0.067969 0.061111
0 0.063672 0.715278 0.042969 0.119444
0 0.187891 0.326389 0.089844 0.061111
0 0.199609 0.401389 0.046094 0.088889
0 0.208594 0.454861 0.076563 0.054167
0 0.248047 0.477778 0.074219 0.041667
0 0.305078 0.168056 0.060156 0.094444
0 0.382422 0.150694 0.082031 0.084722
0 0.365234 0.596528 0.071094 0.090278
0 0.317969 0.661806 0.032812 0.115278
0 0.472656 0.871528 0.029687 0.156944
0 0.667578 0.648611 0.035156 0.113889
0 0.628906 0.634028 0.053125 0.145833
0 0.676562 0.481250 0.070313 0.079167
0 0.724609 0.552083 0.032031 0.140278
0 0.820703 0.218750 0.039844 0.123611
0 0.824609 0.081250 0.021094 0.131944
0 0.800391 0.109722 0.091406 0.075000
0 0.769141 0.054861 0.085156 0.076389
