0 0.370313 0.161111 0.070313 0.100000
0 0.478906 0.271528 0.025000 0.137500
0 0.529297 0.388889 0.044531 0.122222
0 0.481641 0.468056 0.057031 0.075000
0 0.430469 0.468750 0.056250 0.090278
0 0.437109 0.412500 0.091406 0.055556
0 0.417578 0.395139 0.099219 0.048611
0 0.375000 0.284028 0.079687 0.048611
0 0.340234 0.371528 0.063281 0.095833
0 0.379687 0.360417 0.065625 0.104167
0 0.328516 0.521528 0.022656 0.131944
0 0.318359 0.510417 0.063281 0.029167
0 0.273047 0.512500 0.042969 0.119444
0 0.235156 0.545833 0.045313 0.030556
0 0.145703 0.704167 0.041406 0.061111
0 0.223438 0.786111 0.064062 0.086111
0 0.301172 0.772917 0.067969 0.098611
0 0.453125 0.750694 0.032812 0.070833
0 0.402734 0.804167 0.088281 0.052778
0 0.391016 0.667361 0.072656 0.037500
0 0.367188 0.695139 0.064062 0.037500
0 0.534375 0.189583 0.034375 0.131944
0 0.552344 0.207639 0.087500 0.051389
0 0.592578 0.246528 0.069531 0.043056
0 0.671484 0.343750 0.025781 0.148611
0 0.680859 0.070139 0.086719 0.068056
0 0.878906 0.190278 0.081250 0.030556
0 0.898438 0.278472 0.029687 0.134722
0 0.862891 0.327778 0.021094 0.119444
0 0.816797 0.405556 0.083594 0.061111
0 0.779297 0.505556 0.025781 0.127778
0 0.780078 0.572222 0.078906 0.058333
0 0.754297 0.663889 0.032031 0.125000
0 0.743359 0.568750 0.047656 0.120833
0 0.815234 0.181250 0.053906 0.062500
0 0.794531 0.125000 0.070313 0.108333
0 0.914063 0.056944 0.035937 0.066667
0 0.946484 0.415278 0.102344 0.050000
0 0.970703 0.535417 0.049219 0.093056
0 0.971875 0.619444 0.040625 0.072222
0 0.946094 0.734028 0.081250 0.059722
0 0.314063 0.903472 0.073437 0.043056
0 0.296484 0.958333 0.027344 0.058333
0 0.268750 0.956944 0.026563 0.072222
0 0.225000 0.970139 0.028125 0.048611
0 0.177344 0.949306 0.075000 0.040278
0 0.119922 0.949306 0.027344 0.068056
0 0.455859 0.931250 0.030469 0.054167
0 0.506641 0.905556 0.033594 0.111111
0 0.630469 0.940278 0.051562 0.086111
0 0.574609 0.946528 0.044531 0.101389
0 0.740625 0.833333 0.090625 0.047222
0 0.753516 0.913194 0.022656 0.095833
0 0.752344 0.877778 0.014062 0.094444
0 0.740234 0.964583 0.052344 0.056944
0 0.703906 0.967361 0.025000 0.059722
0 0.794531 0.956944 0.017188 0.066667
0 0.817187 0.962500 0.031250 0.050000
0 0.860156 0.948611 0.060938 0.088889
0 0.878906 0.927083 0.056250 0.081944
0 0.908203 0.868750 0.086719 0.051389
0 0.935547 0.870139 0.039844 0.040278
0 0.898438 0.754861 0.020312 0.109722
0 0.967578 0.796528 0.053906 0.101389
0 0.971484 0.858333 0.021094 0.033333
0 0.976172 0.906944 0.041406 0.052778
0 0.960938 0.925694 0.050000 0.070833
0 0.961328 0.929167 0.074219 0.102778
