0 0.048828 0.089583 0.075781 0.070833
0 0.068359 0.418750 0.066406 0.073611
0 0.146484 0.228472 0.094531 0.093056
0 0.112891 0.038889 0.032031 0.072222
0 0.171484 0.009028 0.063281 0.026389
0 0.240234 0.052083 0.049219 0.090278
0 0.273438 0.061111 0.026563 0.105556
0 0.305078 0.054861 0.039844 0.106944
0 0.396094 0.147917 0.059375 0.123611
0 0.226953 0.213194 0.102344 0.040278
0 0.210938 0.275000 0.043750 0.119444
0 0.233203 0.313194 0.100781 0.048611
0 0.225391 0.382639 0.075781 0.104167
0 0.221484 0.472917 0.038281 0.070833
0 0.282422 0.509028 0.082031 0.051389
0 0.255469 0.611111 0.065625 0.052778
0 0.227344 0.665278 0.075000 0.088889
0 0.321484 0.412500 0.021094 0.113889
0 0.345313 0.415278 0.020312 0.122222
0 0.325391 0.468750 0.038281 0.101389
0 0.335547 0.720139 0.027344 0.137500
0 0.345313 0.733333 0.070313 0.097222
0 0.408203 0.809028 0.088281 0.043056
0 0.380469 0.893056 0.050000 0.050000
0 0.491797 0.756250 0.085156 0.037500
0 0.511328 0.816667 0.050781 0.116667
0 0.489844 0.437500 0.020312 0.163889
0 0.537109 0.507639 0.042969 0.134722
0 0.552344 0.159722 0.035937 0.144444
0 0.601953 0.253472 0.028906 0.148611
0 0.676562 0.243750 0.062500 0.123611
0 0.745313 0.475694 0.031250 0.126389
0 0.633594 0.587500 0.045313 0.091667
0 0.606641 0.530556 0.092969 0.047222
0 0.600000 0.530556 0.071875 0.105556
0 0.774609 0.693056 0.089844 0.058333
0 0.596094 0.783333 0.093750 0.038889
0 0.589063 0.862500 0.087500 0.055556
0 0.610547 0.906944 0.064844 0.100000
0 0.561719 0.945139 0.065625 0.076389
0 0.688281 0.959028 0.034375 0.076389
0 0.862500 0.963194 0.060938 0.065278
0 0.950000 0.579861 0.040625 0.106944
0 0.983203 0.570139 0.016406 0.159722
0 0.929688 0.480556 0.029687 0.061111
0 0.919531 0.481944 0.098438 0.058333
0 0.945313 0.367361 0.028125 0.129167
0 0.964844 0.314583 0.068750 0.079167
0 0.903516 0.297222 0.066406 0.075000
0 0.571094 0.020139 0.021875 0.084722
0 0.652734 0.052083 0.089844 0.040278
0 0.641797 0.023611 0.021094 0.036111
0 0.701953 0.056944 0.017969 0.102778
0 0.744922 0.070139 0.078906 0.031944
0 0.748438 0.034722 0.051562 0.044444
0 0.753125 0.066667 0.039063 0.027778
0 0.772266 0.094444 0.021094 0.047222
0 0.787500 0.108333 0.010937 0.097222
0 0.794141 0.046528 0.017969 0.081944
0 0.807422 0.037500 0.050781 0.075000
0 0.802734 0.097917 0.019531 0.118056
0 0.825391 0.125694 0.046094 0.076389
0 0.858984 0.107639 0.017969 0.143056
0 0.878906 0.027083 0.034375 0.048611
0 0.987500 0.059028 0.023438 0.076389
0 0.910547 0.132639 0.036719 0.095833
0 0.941797 0.119444 0.060156 0.038889
0 0.907422 0.143056 0.036719 0.066667
0 0.882813 0.145139 0.060938 0.048611
0 0.871484 0.218750 0.067969 0.065278
0 0.899219 0.236111 0.048437 0.072222
0 0.910547 0.219444 0.052344 0.108333
0 0.953906 0.236111 0.053125 0.111111
0 0.940625 0.174306 0.037500 0.062500
0 0.973047 0.198611 0.052344 0.075000
0 0.979297 0.181250 0.039844 0.112500
0 0.962109 0.141667 0.060156 0.036111
