0 0.037891 0.440278 0.063281 0.097222
0 0.087109 0.381944 0.024219 0.127778
0 0.122266 0.418056 0.077344 0.086111
0 0.059375 0.778472 0.031250 0.145833
0 0.137109 0.741667 0.088281 0.044444
0 0.133203 0.906250 0.046094 0.106944
0 0.133984 0.971528 0.047656 0.048611
0 0.039063 0.892361 0.073437 0.056944
0 0.015625 0.901389 0.026563 0.075000
0 0.254297 0.737500 0.075781 0.108333
0 0.337891 0.742361 0.064844 0.087500
0 0.255469 0.868750 0.076563 0.065278
0 0.175781 0.198611 0.062500 0.136111
0 0.026953 0.084028 0.021094 0.104167
0 0.029297 0.098611 0.055469 0.036111
0 0.259375 0.210417 0.095312 0.056944
0 0.238281 0.133333 0.071875 0.077778
0 0.157422 0.029167 0.096094 0.041667
0 0.293359 0.145139 0.069531 0.059722
0 0.251172 0.136111 0.071094 0.072222
0 0.289063 0.057639 0.092188 0.070833
0 0.351172 0.056944 0.055469 0.077778
0 0.397266 0.075000 0.077344 0.052778
0 0.341406 0.121528 0.079687 0.073611
0 0.370703 0.193750 0.067969 0.048611
0 0.392969 0.272917 0.023438 0.123611
0 0.344531 0.300694 0.085938 0.045833
0 0.400781 0.470139 0.032812 0.101389
0 0.417188 0.527778 0.090625 0.086111
0 0.416797 0.265972 0.052344 0.065278
0 0.420312 0.347917 0.034375 0.145833
0 0.465625 0.363194 0.035937 0.151389
0 0.487891 0.459028 0.028906 0.134722
0 0.564844 0.563889 0.092188 0.102778
0 0.552344 0.687500 0.075000 0.091667
0 0.373828 0.861806 0.053906 0.104167
0 0.432422 0.875000 0.024219 0.102778
0 0.433984 0.816667 0.061719 0.088889
0 0.569531 0.372917 0.040625 0.109722
0 0.613281 0.274306 0.043750 0.131944
0 0.523828 0.170139 0.102344 0.051389
0 0.487891 0.204861 0.027344 0.120833
0 0.507813 0.264583 0.071875 0.026389
0 0.562109 0.245139 0.027344 0.090278
0 0.553906 0.225000 0.081250 0.086111
0 0.670703 0.394444 0.025781 0.177778
0 0.826172 0.469444 0.057031 0.075000
0 0.902344 0.506250 0.034375 0.159722
0 0.770703 0.535417 0.046094 0.098611
0 0.805859 0.570139 0.052344 0.140278
0 0.719531 0.564583 0.032812 0.129167
0 0.658984 0.570139 0.063281 0.081944
0 0.678125 0.637500 0.053125 0.091667
0 0.700781 0.685417 0.026563 0.129167
0 0.732031 0.712500 0.017188 0.113889
0 0.658594 0.788889 0.068750 0.094444
0 0.748438 0.769444 0.106250 0.050000
0 0.772656 0.710417 0.076563 0.079167
0 0.850391 0.671528 0.052344 0.054167
0 0.820703 0.793750 0.092969 0.056944
0 0.861719 0.895833 0.043750 0.055556
0 0.857031 0.936806 0.048437 0.070833
0 0.754687 0.907639 0.035937 0.106944
0 0.794531 0.895833 0.093750 0.075000
0 0.813672 0.904861 0.024219 0.090278
0 0.782812 0.942361 0.035937 0.090278
