0 0.341797 0.077778 0.089844 0.033333
0 0.520703 0.134722 0.061719 0.091667
0 0.454688 0.238194 0.093750 0.056944
0 0.404687 0.325694 0.020312 0.134722
0 0.456250 0.378472 0.068750 0.095833
0 0.548047 0.390278 0.074219 0.119444
0 0.357422 0.400694 0.044531 0.109722
0 0.312500 0.347222 0.056250 0.105556
0 0.185547 0.400694 0.083594 0.059722
0 0.163281 0.472917 0.068750 0.104167
0 0.251953 0.047222 0.092969 0.063889
0 0.157422 0.046528 0.085156 0.076389
0 0.012500 0.226389 0.023438 0.072222
0 0.017188 0.090972 0.031250 0.098611
0 0.039063 0.261806 0.042188 0.156944
0 0.112500 0.165972 0.096875 0.079167
0 0.197266 0.194444 0.080469 0.069444
0 0.094141 0.321528 0.022656 0.123611
0 0.114453 0.264583 0.085156 0.079167
0 0.115234 0.276389 0.039844 0.094444
0 0.128516 0.338889 0.080469 0.050000
0 0.023828 0.834722 0.044531 0.105556
0 0.106250 0.893750 0.029687 0.137500
0 0.325781 0.755556 0.046875 0.119444
0 0.467187 0.704167 0.048437 0.147222
0 0.503516 0.565972 0.100781 0.037500
0 0.536719 0.680556 0.064062 0.044444
0 0.545313 0.762500 0.059375 0.119444
0 0.605859 0.850000 0.088281 0.027778
0 0.493359 0.884028 0.011719 0.134722
0 0.528906 0.933333 0.059375 0.077778
0 0.492188 0.938194 0.075000 0.056944
0 0.623438 0.782639 0.046875 0.134722
0 0.657031 0.766667 0.031250 0.136111
0 0.665625 0.744444 0.096875 0.072222
0 0.668750 0.652083 0.037500 0.123611
0 0.609375 0.663194 0.071875 0.101389
0 0.634375 0.657639 0.059375 0.045833
0 0.734766 0.514583 0.088281 0.059722
0 0.804688 0.729861 0.068750 0.043056
0 0.870703 0.540278 0.044531 0.116667
0 0.822656 0.253472 0.104687 0.048611
0 0.821094 0.354167 0.054688 0.125000
0 0.867969 0.359028 0.028125 0.068056
0 0.724219 0.399306 0.107813 0.034722
0 0.760156 0.353472 0.081250 0.059722
0 0.718359 0.427778 0.092969 0.050000
0 0.672266 0.515278 0.074219 0.077778
0 0.669922 0.514583 0.047656 0.134722
0 0.907031 0.047917 0.042188 0.070833
0 0.887891 0.139583 0.033594 0.120833
0 0.871875 0.123611 0.050000 0.055556
0 0.773828 0.030556 0.032031 0.066667
0 0.844922 0.018056 0.032031 0.052778
