0 0.681250 0.073611 0.090625 0.069444
0 0.930469 0.043056 0.020312 0.086111
0 0.989844 0.127778 0.018750 0.061111
0 0.888672 0.197917 0.097656 0.034722
0 0.820313 0.123611 0.081250 0.091667
0 0.837109 0.211111 0.066406 0.075000
0 0.914453 0.270833 0.050781 0.105556
0 0.873438 0.338194 0.017188 0.145833
0 0.949609 0.407639 0.099219 0.048611
0 0.973047 0.537500 0.042969 0.105556
0 0.828125 0.393750 0.078125 0.073611
0 0.791016 0.504167 0.017969 0.113889
0 0.764063 0.657639 0.029687 0.115278
0 0.780859 0.565278 0.085156 0.041667
0 0.753516 0.569444 0.047656 0.088889
0 0.684766 0.344444 0.030469 0.138889
0 0.608984 0.244444 0.086719 0.041667
0 0.560547 0.215278 0.103906 0.055556
0 0.376172 0.160417 0.066406 0.112500
0 0.478906 0.263194 0.020312 0.120833
0 0.457812 0.256944 0.059375 0.127778
0 0.539844 0.388889 0.048437 0.122222
0 0.439453 0.463889 0.053906 0.080556
0 0.475781 0.486806 0.046875 0.095833
0 0.384766 0.290972 0.077344 0.048611
0 0.385938 0.360417 0.073437 0.084722
0 0.417578 0.390972 0.074219 0.043056
0 0.458203 0.386806 0.091406 0.051389
0 0.353125 0.545833 0.045313 0.061111
0 0.319922 0.425694 0.066406 0.098611
0 0.250000 0.476389 0.028125 0.055556
0 0.235938 0.564583 0.042188 0.051389
0 0.285937 0.490972 0.068750 0.081944
0 0.282422 0.517361 0.052344 0.095833
0 0.214844 0.752083 0.015625 0.101389
0 0.180859 0.701389 0.050781 0.058333
0 0.295312 0.767361 0.059375 0.087500
0 0.403906 0.798611 0.093750 0.066667
0 0.393359 0.660417 0.083594 0.020833
0 0.376953 0.689583 0.088281 0.056944
0 0.145703 0.909722 0.060156 0.041667
0 0.141406 0.968750 0.023438 0.056944
0 0.231250 0.963889 0.029687 0.066667
0 0.297266 0.926389 0.041406 0.047222
0 0.294922 0.965278 0.014844 0.063889
0 0.275781 0.958333 0.026563 0.072222
0 0.498047 0.827083 0.038281 0.079167
0 0.510156 0.908333 0.026563 0.116667
0 0.461328 0.927778 0.025781 0.052778
0 0.636328 0.935417 0.049219 0.065278
0 0.662500 0.990278 0.090625 0.033333
0 0.590234 0.933333 0.050781 0.097222
0 0.717188 0.936111 0.018750 0.113889
0 0.753125 0.963194 0.062500 0.054167
0 0.761719 0.923611 0.018750 0.127778
0 0.766797 0.884028 0.017969 0.093056
0 0.754297 0.829167 0.088281 0.055556
0 0.805859 0.948611 0.011719 0.097222
0 0.835938 0.961806 0.034375 0.070833
0 0.872266 0.942361 0.060156 0.081944
0 0.887109 0.928472 0.052344 0.068056
0 0.955469 0.664583 0.035937 0.104167
0 0.986328 0.631944 0.025781 0.075000
0 0.956250 0.754861 0.085938 0.051389
0 0.917969 0.855556 0.059375 0.047222
0 0.972656 0.908333 0.050000 0.058333
0 0.984375 0.892361 0.029687 0.065278
0 0.969531 0.906944 0.054688 0.033333
0 0.986719 0.866667 0.025000 0.055556
0 0.977344 0.800000 0.043750 0.072222
