0 0.047266 0.079167 0.071094 0.063889
0 0.135156 0.054861 0.034375 0.095833
0 0.144531 0.205556 0.073437 0.061111
0 0.065625 0.418750 0.073437 0.070833
0 0.229297 0.295833 0.092969 0.075000
0 0.208594 0.245833 0.057813 0.111111
0 0.222656 0.184722 0.098438 0.080556
0 0.241406 0.056944 0.057813 0.088889
0 0.276172 0.029861 0.021094 0.087500
0 0.298438 0.040278 0.032812 0.088889
0 0.393750 0.158333 0.043750 0.155556
0 0.541797 0.161806 0.050781 0.106944
0 0.604688 0.252083 0.035937 0.143056
0 0.498437 0.429861 0.025000 0.154167
0 0.325000 0.398611 0.017188 0.127778
0 0.347266 0.402083 0.019531 0.109722
0 0.341406 0.459722 0.039063 0.086111
0 0.233203 0.499306 0.035156 0.101389
0 0.221875 0.538194 0.056250 0.059722
0 0.194141 0.620833 0.066406 0.047222
0 0.287891 0.506944 0.082031 0.036111
0 0.295703 0.551389 0.066406 0.072222
0 0.310547 0.659028 0.057031 0.087500
0 0.343359 0.725000 0.046094 0.125000
0 0.411328 0.806250 0.082031 0.048611
0 0.377344 0.868056 0.050000 0.036111
0 0.533594 0.728472 0.079687 0.045833
0 0.585547 0.785417 0.089844 0.031944
0 0.533203 0.811111 0.024219 0.061111
0 0.575000 0.829861 0.075000 0.062500
0 0.620703 0.899306 0.055469 0.093056
0 0.566797 0.940278 0.050781 0.086111
0 0.644922 0.972222 0.030469 0.050000
0 0.710547 0.957639 0.058594 0.070833
0 0.874219 0.963194 0.046875 0.068056
0 0.784766 0.695139 0.085156 0.062500
0 0.560547 0.494444 0.078906 0.033333
0 0.613672 0.531944 0.080469 0.047222
0 0.618750 0.527083 0.032812 0.145833
0 0.544922 0.504167 0.038281 0.130556
0 0.748828 0.482639 0.039844 0.123611
0 0.681250 0.229861 0.065625 0.106944
0 0.657031 0.045833 0.093750 0.038889
0 0.576563 0.009722 0.034375 0.061111
0 0.648438 0.015278 0.034375 0.041667
0 0.711328 0.027778 0.016406 0.063889
0 0.748047 0.086806 0.080469 0.051389
0 0.757422 0.031250 0.041406 0.051389
0 0.801172 0.042361 0.021094 0.070833
0 0.792969 0.115972 0.014062 0.126389
0 0.804688 0.095833 0.031250 0.125000
0 0.834766 0.128472 0.044531 0.095833
0 0.881250 0.018750 0.031250 0.043056
0 0.907422 0.016667 0.028906 0.044444
0 0.991406 0.043750 0.015625 0.059722
0 0.866406 0.102778 0.018750 0.133333
0 0.878906 0.145833 0.040625 0.100000
0 0.917578 0.113194 0.035156 0.109722
0 0.912891 0.136111 0.041406 0.066667
0 0.954297 0.124306 0.052344 0.043056
0 0.969531 0.134028 0.059375 0.031944
0 0.953516 0.163889 0.032031 0.050000
0 0.982422 0.195833 0.033594 0.061111
0 0.980078 0.179167 0.038281 0.094444
0 0.967969 0.235417 0.054688 0.093056
0 0.915234 0.175000 0.036719 0.030556
0 0.917969 0.210417 0.040625 0.084722
0 0.884766 0.222222 0.075781 0.044444
0 0.904297 0.228472 0.055469 0.081944
0 0.905859 0.285417 0.063281 0.090278
0 0.967578 0.314583 0.063281 0.076389
0 0.954297 0.354861 0.033594 0.131944
0 0.983594 0.626389 0.021875 0.113889
0 0.955469 0.576389 0.040625 0.100000
0 0.936719 0.497917 0.023438 0.081944
0 0.932031 0.486806 0.098438 0.040278
