0 0.031641 0.106250 0.055469 0.051389
0 0.033203 0.088194 0.047656 0.040278
0 0.088281 0.392361 0.037500 0.109722
0 0.119531 0.427083 0.075000 0.070833
0 0.013281 0.661806 0.023438 0.043056
0 0.059375 0.779861 0.021875 0.126389
0 0.128906 0.909722 0.046875 0.086111
0 0.030469 0.881250 0.060938 0.054167
0 0.011328 0.915972 0.022656 0.043056
0 0.135156 0.977778 0.045313 0.038889
0 0.184766 0.740972 0.077344 0.079167
0 0.254687 0.727778 0.075000 0.063889
0 0.257031 0.867361 0.070313 0.054167
0 0.266016 0.992361 0.061719 0.023611
0 0.370703 0.798611 0.057031 0.091667
0 0.435156 0.818750 0.062500 0.081944
0 0.428906 0.879167 0.028125 0.113889
0 0.376953 0.872917 0.061719 0.087500
0 0.413672 0.532639 0.075781 0.079167
0 0.410156 0.479167 0.045313 0.111111
0 0.485547 0.479167 0.033594 0.150000
0 0.459375 0.394444 0.035937 0.163889
0 0.431250 0.349306 0.045313 0.137500
0 0.383984 0.404861 0.094531 0.059722
0 0.173047 0.184722 0.053906 0.125000
0 0.258984 0.211806 0.107031 0.056944
0 0.366797 0.193750 0.078906 0.034722
0 0.123438 0.029167 0.087500 0.038889
0 0.288281 0.056944 0.048437 0.102778
0 0.257031 0.126389 0.085938 0.036111
0 0.233203 0.136111 0.064844 0.072222
0 0.241016 0.121528 0.071094 0.070833
0 0.369531 0.063194 0.084375 0.051389
0 0.339844 0.109028 0.071875 0.087500
0 0.406250 0.098611 0.071875 0.075000
0 0.484375 0.181944 0.028125 0.141667
0 0.522656 0.284722 0.089062 0.033333
0 0.380078 0.286806 0.032031 0.106944
0 0.421484 0.261806 0.086719 0.054167
0 0.338672 0.283333 0.107031 0.075000
0 0.586719 0.216667 0.078125 0.038889
0 0.616016 0.284028 0.039844 0.109722
0 0.578906 0.272917 0.032812 0.101389
0 0.594141 0.397222 0.027344 0.133333
0 0.677344 0.386806 0.031250 0.126389
0 0.710547 0.523611 0.028906 0.127778
0 0.653516 0.570833 0.086719 0.072222
0 0.634766 0.664583 0.047656 0.145833
0 0.573438 0.704861 0.067188 0.079167
0 0.687500 0.637500 0.042188 0.091667
0 0.731641 0.716667 0.032031 0.094444
0 0.808984 0.457639 0.042969 0.081944
0 0.903125 0.505556 0.035937 0.130556
0 0.788281 0.595833 0.025000 0.125000
0 0.792188 0.590972 0.045313 0.079167
0 0.758984 0.618056 0.078906 0.077778
0 0.735937 0.752083 0.082813 0.054167
0 0.719141 0.785417 0.075781 0.045833
0 0.657031 0.801389 0.073437 0.100000
0 0.860937 0.700694 0.057813 0.068056
0 0.821094 0.797917 0.078125 0.065278
0 0.746094 0.909722 0.032812 0.119444
0 0.866016 0.909028 0.038281 0.076389
0 0.931250 0.948611 0.053125 0.075000
0 0.821484 0.902778 0.053906 0.069444
0 0.780078 0.952083 0.035156 0.087500
0 0.808594 0.936806 0.084375 0.093056
