0 0.014844 0.088889 0.020312 0.069444
0 0.007813 0.234028 0.010937 0.073611
0 0.032422 0.256944 0.053906 0.138889
0 0.153125 0.028472 0.070313 0.056944
0 0.247266 0.027083 0.094531 0.043056
0 0.345313 0.069444 0.103125 0.061111
0 0.162109 0.150694 0.053906 0.098611
0 0.108984 0.154861 0.088281 0.068056
0 0.110156 0.272917 0.039063 0.079167
0 0.089844 0.298611 0.026563 0.113889
0 0.112109 0.252083 0.088281 0.070833
0 0.121094 0.329167 0.079687 0.091667
0 0.172656 0.397222 0.078125 0.052778
0 0.155859 0.477778 0.069531 0.102778
0 0.333203 0.356944 0.088281 0.047222
0 0.359375 0.403472 0.057813 0.112500
0 0.311328 0.697917 0.044531 0.087500
0 0.022266 0.843056 0.044531 0.094444
0 0.097266 0.898611 0.028906 0.138889
0 0.399219 0.318056 0.020312 0.144444
0 0.447656 0.227083 0.106250 0.048611
0 0.530078 0.103472 0.039844 0.106944
0 0.452344 0.360417 0.078125 0.070833
0 0.542969 0.392361 0.075000 0.120833
0 0.505859 0.553472 0.099219 0.043056
0 0.470703 0.719444 0.046094 0.111111
0 0.534375 0.697222 0.059375 0.077778
0 0.539844 0.755556 0.051562 0.105556
0 0.592188 0.829861 0.068750 0.059722
0 0.641406 0.842361 0.020312 0.109722
0 0.497266 0.938889 0.016406 0.116667
0 0.550391 0.973611 0.097656 0.033333
0 0.484375 0.931944 0.079687 0.061111
0 0.526172 0.918056 0.052344 0.088889
0 0.594922 0.732639 0.052344 0.154167
0 0.602344 0.683333 0.050000 0.138889
0 0.631641 0.638194 0.074219 0.062500
0 0.664063 0.647917 0.035937 0.181944
0 0.710156 0.662500 0.085938 0.063889
0 0.807031 0.703472 0.056250 0.062500
0 0.878906 0.520833 0.073437 0.044444
0 0.850000 0.390278 0.053125 0.069444
0 0.810547 0.417361 0.019531 0.129167
0 0.842578 0.234722 0.103906 0.025000
0 0.944141 0.070833 0.069531 0.036111
0 0.869531 0.134722 0.053125 0.061111
0 0.841016 0.165972 0.072656 0.090278
0 0.778125 0.025000 0.039063 0.061111
0 0.839063 0.002778 0.034375 0.027778
0 0.732031 0.386111 0.107813 0.025000
0 0.756641 0.349306 0.069531 0.101389
0 0.714063 0.431250 0.085938 0.037500
0 0.723828 0.506250 0.099219 0.062500
0 0.666406 0.508333 0.032812 0.125000
0 0.662109 0.520139 0.078906 0.084722
