0 0.421094 0.329167 0.065625 0.050000
0 0.725781 0.140278 0.098438 0.066667
0 0.882813 0.440278 0.021875 0.127778
0 0.978125 0.865278 0.023438 0.169444
0 0.750781 0.506944 0.067188 0.088889
0 0.660547 0.808333 0.085156 0.091667
0 0.632031 0.920833 0.089062 0.050000
0 0.437109 0.688889 0.089844 0.036111
0 0.403125 0.765972 0.028125 0.131944
0 0.318750 0.438889 0.045313 0.058333
0 0.329297 0.661806 0.067969 0.101389
0 0.352734 0.764583 0.036719 0.081944
0 0.339063 0.834722 0.043750 0.080556
0 0.486328 0.909028 0.075781 0.062500
0 0.537109 0.970139 0.033594 0.045833
0 0.455469 0.856250 0.064062 0.101389
