0 0.126563 0.418750 0.048437 0.068056
0 0.180078 0.243056 0.130469 0.047222
0 0.365234 0.260417 0.110156 0.056944
0 0.471875 0.152083 0.092188 0.084722
0 0.460156 0.378472 0.045313 0.126389
0 0.246094 0.565278 0.046875 0.144444
0 0.458594 0.759722 0.046875 0.036111
0 0.482812 0.827083 0.059375 0.115278
0 0.572656 0.825000 0.081250 0.077778
0 0.593359 0.964583 0.103906 0.043056
0 0.686328 0.702778 0.057031 0.119444
0 0.714844 0.789583 0.039063 0.140278
0 0.791016 0.738194 0.044531 0.084722
0 0.957812 0.878472 0.078125 0.051389
0 0.940625 0.975694 0.031250 0.043056
0 0.957812 0.454167 0.064062 0.069444
0 0.984766 0.075694 0.027344 0.076389
