0 0.041016 0.057639 0.075781 0.084722
0 0.041016 0.022222 0.050781 0.038889
0 0.020312 0.433333 0.035937 0.075000
0 0.021875 0.877778 0.039063 0.066667
0 0.226953 0.858333 0.091406 0.061111
0 0.365234 0.609028 0.033594 0.137500
0 0.243750 0.235417 0.096875 0.040278
0 0.267188 0.361806 0.031250 0.159722
0 0.228516 0.350694 0.069531 0.084722
0 0.502734 0.159722 0.092969 0.052778
0 0.647656 0.119444 0.035937 0.133333
0 0.373828 0.936111 0.069531 0.094444
0 0.401563 0.723611 0.082813 0.072222
0 0.517578 0.714583 0.066406 0.070833
0 0.512891 0.661806 0.085156 0.065278
0 0.637891 0.459722 0.088281 0.080556
0 0.763672 0.368056 0.046094 0.127778
0 0.719531 0.643750 0.026563 0.131944
0 0.672266 0.580556 0.033594 0.138889
