0 0.352734 0.025694 0.041406 0.065278
0 0.237891 0.080556 0.061719 0.052778
0 0.207813 0.138194 0.081250 0.084722
0 0.077344 0.179861 0.087500 0.093056
0 0.105859 0.259028 0.075781 0.045833
0 0.260156 0.278472 0.096875 0.059722
0 0.424609 0.140278 0.096094 0.063889
0 0.574609 0.126389 0.025781 0.133333
0 0.565625 0.286111 0.103125 0.036111
0 0.503516 0.408333 0.105469 0.069444
0 0.262109 0.836806 0.049219 0.154167
0 0.087109 0.863194 0.050781 0.106944
0 0.030469 0.929861 0.053125 0.054167
0 0.050391 0.954167 0.069531 0.050000
0 0.782422 0.494444 0.041406 0.047222
0 0.693359 0.550000 0.038281 0.158333
0 0.797266 0.631944 0.042969 0.105556
0 0.790625 0.706250 0.067188 0.087500
0 0.806250 0.820833 0.042188 0.094444
0 0.676172 0.876389 0.100781 0.063889
0 0.711328 0.935417 0.094531 0.076389
0 0.612500 0.863194 0.026563 0.123611
0 0.592188 0.879167 0.053125 0.130556
