0 0.121094 0.233333 0.112500 0.036111
0 0.128516 0.400694 0.035156 0.081944
0 0.241797 0.570139 0.032031 0.134722
0 0.364453 0.259028 0.099219 0.056944
0 0.454297 0.363194 0.038281 0.115278
0 0.475391 0.154167 0.083594 0.086111
0 0.450391 0.746528 0.042969 0.045833
0 0.454297 0.799306 0.055469 0.131944
0 0.576953 0.825000 0.072656 0.080556
0 0.597266 0.959722 0.113281 0.044444
0 0.662891 0.688889 0.077344 0.080556
0 0.699609 0.768056 0.038281 0.097222
0 0.783203 0.728472 0.039844 0.084722
0 0.966016 0.472222 0.066406 0.091667
0 0.963281 0.878472 0.071875 0.051389
0 0.942578 0.972222 0.033594 0.050000
0 0.982813 0.089583 0.032812 0.062500
0 0.976563 0.009028 0.045313 0.043056
