0 0.082031 0.154167 0.075000 0.077778
0 0.128516 0.259722 0.060156 0.058333
0 0.246875 0.058333 0.046875 0.061111
0 0.233594 0.097917 0.073437 0.126389
0 0.292188 0.293056 0.078125 0.047222
0 0.431641 0.116667 0.100781 0.055556
0 0.582031 0.106250 0.026563 0.148611
0 0.582422 0.140278 0.013281 0.038889
0 0.568750 0.277778 0.090625 0.036111
0 0.512891 0.406944 0.097656 0.038889
0 0.700000 0.554167 0.035937 0.158333
0 0.791797 0.499306 0.039844 0.045833
0 0.814844 0.632639 0.042188 0.129167
0 0.796484 0.737500 0.077344 0.069444
0 0.818750 0.856944 0.023438 0.066667
0 0.688672 0.915278 0.105469 0.036111
0 0.724609 0.963194 0.096094 0.031944
0 0.613281 0.902083 0.010937 0.148611
0 0.591797 0.899306 0.050781 0.095833
0 0.267188 0.864583 0.025000 0.165278
0 0.086719 0.892361 0.050000 0.106944
0 0.034766 0.965972 0.058594 0.043056
