0 0.029297 0.020139 0.049219 0.043056
0 0.047656 0.068750 0.071875 0.048611
0 0.029297 0.437500 0.047656 0.050000
0 0.032422 0.871528 0.049219 0.043056
0 0.250391 0.249306 0.083594 0.045833
0 0.278906 0.356944 0.037500 0.158333
0 0.234375 0.351389 0.062500 0.083333
0 0.233203 0.865278 0.088281 0.041667
0 0.374219 0.606250 0.031250 0.148611
0 0.420312 0.738194 0.079687 0.073611
0 0.379297 0.943056 0.072656 0.094444
0 0.503906 0.156944 0.070313 0.047222
0 0.649609 0.126389 0.035156 0.122222
0 0.700000 0.006944 0.076563 0.033333
0 0.769141 0.378472 0.036719 0.120833
0 0.646094 0.467361 0.071875 0.081944
0 0.716406 0.661111 0.026563 0.133333
0 0.668359 0.606250 0.042969 0.140278
0 0.518750 0.696528 0.068750 0.062500
0 0.515234 0.675694 0.074219 0.062500
