0 0.097266 0.162500 0.091406 0.063889
0 0.136328 0.375694 0.080469 0.070833
0 0.239063 0.597222 0.040625 0.138889
0 0.360938 0.272917 0.114063 0.056944
0 0.470313 0.188194 0.093750 0.101389
0 0.454297 0.397222 0.049219 0.116667
0 0.367578 0.569444 0.069531 0.130556
0 0.365625 0.718056 0.050000 0.119444
0 0.544922 0.639583 0.033594 0.126389
0 0.500000 0.854167 0.018750 0.061111
0 0.518750 0.816667 0.021875 0.122222
0 0.587500 0.966667 0.095312 0.044444
0 0.637891 0.689583 0.028906 0.140278
0 0.716797 0.690278 0.032031 0.105556
0 0.915625 0.164583 0.096875 0.062500
0 0.971094 0.059028 0.045313 0.062500
0 0.958984 0.468056 0.080469 0.116667
0 0.953906 0.886806 0.084375 0.073611
0 0.925000 0.972222 0.028125 0.050000
