0 0.343750 0.266667 0.073437 0.088889
0 0.295703 0.356250 0.078906 0.062500
0 0.343359 0.500000 0.057031 0.080556
0 0.220703 0.848611 0.061719 0.097222
0 0.294141 0.909722 0.038281 0.061111
0 0.443359 0.959722 0.092969 0.041667
0 0.505859 0.682639 0.050781 0.104167
0 0.652734 0.870139 0.038281 0.134722
0 0.544922 0.351389 0.096094 0.077778
0 0.646094 0.270139 0.067188 0.109722
0 0.698828 0.425000 0.061719 0.108333
0 0.839063 0.481944 0.028125 0.125000
0 0.908984 0.413194 0.036719 0.123611
0 0.981250 0.222917 0.017188 0.131944
0 0.924609 0.115278 0.077344 0.086111
0 0.926172 0.639583 0.078906 0.090278
0 0.936719 0.825694 0.032812 0.106944
