0 0.106250 0.182639 0.075000 0.098611
0 0.015625 0.588889 0.026563 0.052778
0 0.025000 0.886111 0.046875 0.058333
0 0.052344 0.962500 0.071875 0.050000
0 0.115625 0.895833 0.043750 0.100000
0 0.292578 0.865972 0.033594 0.154167
0 0.260156 0.311111 0.068750 0.072222
0 0.305078 0.160417 0.039844 0.045833
0 0.396484 0.025000 0.044531 0.050000
0 0.370703 0.081944 0.052344 0.130556
0 0.453516 0.141667 0.089844 0.052778
0 0.609375 0.125694 0.037500 0.115278
0 0.598828 0.302083 0.099219 0.065278
0 0.535547 0.423611 0.088281 0.072222
0 0.410547 0.426389 0.041406 0.086111
0 0.819922 0.518056 0.050781 0.063889
0 0.828125 0.625000 0.015625 0.144444
0 0.719922 0.564583 0.027344 0.143056
0 0.778125 0.742361 0.087500 0.043056
0 0.846484 0.846528 0.038281 0.051389
0 0.636719 0.911806 0.020312 0.151389
0 0.618359 0.902778 0.035156 0.141667
0 0.708594 0.913889 0.100000 0.047222
0 0.747266 0.959028 0.097656 0.056944
