0 0.026172 0.047917 0.049219 0.040278
0 0.057031 0.015278 0.023438 0.044444
0 0.021484 0.445833 0.033594 0.072222
0 0.026172 0.878472 0.046094 0.043056
0 0.237109 0.267361 0.088281 0.045833
0 0.222656 0.363194 0.042188 0.115278
0 0.269141 0.334028 0.044531 0.129167
0 0.500781 0.179167 0.073437 0.041667
0 0.647266 0.147222 0.036719 0.144444
0 0.710938 0.030556 0.090625 0.044444
0 0.750781 0.445833 0.021875 0.152778
0 0.703516 0.663889 0.035156 0.116667
0 0.635938 0.489583 0.071875 0.098611
0 0.657422 0.612500 0.044531 0.113889
0 0.523438 0.764583 0.103125 0.045833
0 0.364453 0.612500 0.021094 0.144444
0 0.373437 0.929167 0.070313 0.116667
0 0.230859 0.861111 0.091406 0.038889
0 0.509766 0.678472 0.078906 0.056944
0 0.522656 0.715278 0.075000 0.069444
