0 0.046484 0.131250 0.085156 0.095833
0 0.146875 0.318056 0.062500 0.111111
0 0.234375 0.572222 0.032812 0.144444
0 0.304297 0.653472 0.092969 0.062500
0 0.360938 0.260417 0.103125 0.045833
0 0.467578 0.164583 0.096094 0.087500
0 0.448047 0.377083 0.047656 0.118056
0 0.369141 0.427778 0.096094 0.080556
0 0.512500 0.550694 0.067188 0.109722
0 0.603516 0.625000 0.022656 0.105556
0 0.666406 0.639583 0.054688 0.079167
0 0.401563 0.846528 0.037500 0.034722
0 0.429688 0.826389 0.081250 0.097222
0 0.589453 0.964583 0.086719 0.045833
0 0.645312 0.970833 0.031250 0.052778
0 0.950391 0.873611 0.089844 0.083333
0 0.924609 0.976389 0.022656 0.038889
0 0.864844 0.138889 0.092188 0.100000
0 0.960156 0.452778 0.078125 0.080556
0 0.970703 0.030556 0.052344 0.080556
