0 0.067969 0.180556 0.079687 0.083333
0 0.292188 0.177083 0.012500 0.081944
0 0.290625 0.344444 0.078125 0.050000
0 0.419141 0.152778 0.088281 0.075000
0 0.345313 0.011111 0.037500 0.036111
0 0.364844 0.035417 0.021875 0.134722
0 0.563672 0.140278 0.032031 0.138889
0 0.559766 0.290972 0.102344 0.029167
0 0.503125 0.429167 0.098438 0.038889
0 0.409375 0.538194 0.023438 0.112500
0 0.411719 0.643750 0.023438 0.079167
0 0.247656 0.875694 0.026563 0.162500
0 0.050781 0.939583 0.085938 0.051389
0 0.078125 0.904861 0.034375 0.106944
0 0.038281 0.984722 0.076563 0.047222
0 0.779688 0.515278 0.045313 0.052778
0 0.787500 0.589583 0.018750 0.168056
0 0.735156 0.761111 0.104687 0.055556
0 0.804688 0.853472 0.043750 0.056944
0 0.682813 0.577778 0.034375 0.163889
0 0.671875 0.916667 0.096875 0.052778
0 0.707422 0.969444 0.099219 0.036111
0 0.562891 0.917361 0.019531 0.129167
0 0.591406 0.913889 0.029687 0.152778
