0 0.045703 0.038194 0.067969 0.045833
0 0.028125 0.436806 0.053125 0.059722
0 0.022656 0.869444 0.059375 0.041667
0 0.234766 0.856944 0.094531 0.030556
0 0.376172 0.620833 0.036719 0.158333
0 0.249609 0.261111 0.094531 0.030556
0 0.276953 0.304167 0.063281 0.113889
0 0.233203 0.360417 0.025781 0.156944
0 0.508984 0.177083 0.074219 0.054167
0 0.648438 0.153472 0.037500 0.129167
0 0.714453 0.016667 0.089844 0.030556
0 0.738672 0.546528 0.017969 0.151389
0 0.644922 0.485417 0.088281 0.093056
0 0.689844 0.661111 0.023438 0.125000
0 0.650781 0.608333 0.025000 0.130556
0 0.591797 0.777083 0.089844 0.068056
0 0.529688 0.700694 0.068750 0.076389
0 0.524609 0.664583 0.091406 0.054167
