0 0.076563 0.022917 0.054688 0.068056
0 0.739062 0.054167 0.064062 0.097222
0 0.967188 0.045833 0.057813 0.063889
0 0.957812 0.467361 0.070313 0.062500
0 0.473047 0.182639 0.100781 0.115278
0 0.357031 0.288194 0.090625 0.073611
0 0.452344 0.386806 0.048437 0.106944
0 0.472656 0.315278 0.085938 0.077778
0 0.557422 0.371528 0.097656 0.093056
0 0.524609 0.474306 0.033594 0.106944
0 0.547266 0.549306 0.069531 0.059722
0 0.246484 0.431250 0.061719 0.051389
0 0.231641 0.656944 0.030469 0.100000
0 0.237109 0.568750 0.025781 0.120833
0 0.587891 0.956944 0.100781 0.052778
0 0.954687 0.895833 0.078125 0.055556
0 0.926562 0.967361 0.034375 0.059722
