0 0.021875 0.102083 0.039063 0.062500
0 0.076953 0.191667 0.080469 0.083333
0 0.077734 0.899306 0.046094 0.104167
0 0.028516 0.969444 0.050781 0.038889
0 0.249609 0.855556 0.044531 0.136111
0 0.298828 0.934722 0.066406 0.080556
0 0.355078 0.252778 0.019531 0.086111
0 0.421484 0.134722 0.094531 0.083333
0 0.564453 0.113194 0.032031 0.123611
0 0.554297 0.300000 0.108594 0.066667
0 0.449609 0.401389 0.069531 0.069444
0 0.618359 0.407639 0.067969 0.090278
0 0.354688 0.032639 0.042188 0.065278
0 0.413672 0.015972 0.042969 0.045833
0 0.685156 0.570833 0.037500 0.158333
0 0.753906 0.607639 0.029687 0.118056
0 0.777734 0.518750 0.046094 0.079167
0 0.741797 0.827778 0.067969 0.113889
0 0.806641 0.859028 0.033594 0.056944
0 0.455078 0.826389 0.032031 0.136111
0 0.473047 0.944444 0.033594 0.088889
0 0.576563 0.908333 0.056250 0.127778
0 0.675781 0.923611 0.120312 0.044444
0 0.708203 0.961806 0.099219 0.034722
