0 0.051562 0.029861 0.078125 0.068056
0 0.301562 0.030556 0.039063 0.058333
0 0.485938 0.032639 0.043750 0.073611
0 0.716016 0.021528 0.102344 0.034722
0 0.646484 0.175694 0.030469 0.181944
0 0.514844 0.165972 0.079687 0.056944
0 0.295703 0.246528 0.058594 0.118056
0 0.239844 0.243750 0.085938 0.043056
0 0.230859 0.364583 0.033594 0.120833
0 0.033203 0.451389 0.061719 0.080556
0 0.038281 0.869444 0.073437 0.055556
0 0.239063 0.866667 0.096875 0.069444
0 0.378125 0.621528 0.023438 0.143056
0 0.376953 0.909028 0.063281 0.101389
0 0.638281 0.483333 0.076563 0.088889
0 0.602344 0.670833 0.048437 0.133333
0 0.530469 0.720833 0.062500 0.075000
0 0.529297 0.669444 0.102344 0.091667
0 0.398438 0.977778 0.040625 0.030556
0 0.665234 0.727778 0.019531 0.086111
0 0.685938 0.702778 0.023438 0.108333
0 0.666016 0.735417 0.071094 0.090278
