0 0.352344 0.038194 0.081250 0.043056
0 0.166016 0.220833 0.085156 0.047222
0 0.172266 0.281944 0.036719 0.102778
0 0.226563 0.287500 0.090625 0.027778
0 0.104687 0.412500 0.034375 0.113889
0 0.094922 0.650000 0.078906 0.091667
0 0.039453 0.885417 0.028906 0.137500
0 0.160547 0.942361 0.066406 0.051389
0 0.202734 0.971528 0.088281 0.051389
0 0.353516 0.909028 0.069531 0.112500
0 0.264844 0.590278 0.037500 0.100000
0 0.355859 0.507639 0.096094 0.056944
0 0.590234 0.588194 0.057031 0.093056
0 0.611719 0.728472 0.095312 0.045833
0 0.566016 0.316667 0.038281 0.116667
0 0.599219 0.130556 0.017188 0.111111
0 0.580469 0.117361 0.050000 0.118056
0 0.710547 0.192361 0.016406 0.137500
0 0.799609 0.202083 0.047656 0.101389
0 0.775391 0.299306 0.030469 0.090278
