0 0.216406 0.024306 0.042188 0.056944
0 0.742188 0.048611 0.053125 0.080556
0 0.962891 0.040278 0.066406 0.066667
0 0.950391 0.461806 0.072656 0.098611
0 0.467969 0.183333 0.095312 0.091667
0 0.576172 0.336806 0.103906 0.068056
0 0.485156 0.303472 0.064062 0.084722
0 0.230859 0.377083 0.038281 0.051389
0 0.200781 0.573611 0.021875 0.125000
0 0.239844 0.581250 0.026563 0.154167
0 0.220703 0.566667 0.033594 0.030556
0 0.356641 0.281250 0.108594 0.056944
0 0.445703 0.388194 0.046094 0.120833
0 0.505859 0.430556 0.035156 0.119444
0 0.514453 0.520833 0.089844 0.075000
0 0.583594 0.954861 0.100000 0.056944
0 0.951953 0.883333 0.094531 0.061111
0 0.920703 0.963889 0.039844 0.050000
