0 0.077734 0.179167 0.085156 0.094444
0 0.041016 0.075694 0.064844 0.106944
0 0.422656 0.137500 0.096875 0.061111
0 0.371094 0.296528 0.026563 0.062500
0 0.560938 0.100694 0.048437 0.115278
0 0.356641 0.017361 0.061719 0.034722
0 0.416016 0.010417 0.033594 0.034722
0 0.561719 0.295139 0.103125 0.059722
0 0.489844 0.418750 0.076563 0.076389
0 0.656641 0.407639 0.066406 0.104167
0 0.778906 0.521528 0.053125 0.084722
0 0.753906 0.629861 0.025000 0.143056
0 0.683594 0.585417 0.045313 0.170833
0 0.083984 0.900694 0.049219 0.112500
0 0.032031 0.984722 0.059375 0.063889
0 0.254687 0.868056 0.051562 0.150000
0 0.355859 0.923611 0.066406 0.111111
0 0.452344 0.893056 0.035937 0.113889
0 0.475000 0.939583 0.046875 0.109722
0 0.584375 0.913889 0.054688 0.105556
0 0.762109 0.882639 0.077344 0.115278
0 0.808594 0.863889 0.029687 0.066667
0 0.673437 0.925694 0.103125 0.048611
0 0.712109 0.963889 0.102344 0.036111
