0 0.018359 0.416667 0.046094 0.086111
0 0.025781 0.865972 0.051562 0.043056
0 0.218359 0.330556 0.038281 0.125000
0 0.286719 0.185417 0.059375 0.106944
0 0.223438 0.224306 0.067188 0.054167
0 0.501172 0.129167 0.069531 0.052778
0 0.643359 0.127083 0.019531 0.154167
0 0.629297 0.463194 0.096094 0.079167
0 0.226563 0.857639 0.104687 0.040278
0 0.362109 0.597222 0.030469 0.158333
0 0.361328 0.908333 0.069531 0.100000
0 0.371875 0.973611 0.101563 0.052778
0 0.519531 0.670139 0.095312 0.087500
0 0.523047 0.713194 0.078906 0.112500
0 0.594531 0.680556 0.076563 0.113889
0 0.646875 0.696528 0.023438 0.051389
0 0.683594 0.729861 0.020312 0.118056
0 0.673047 0.693056 0.063281 0.127778
