0 0.912109 0.027778 0.074219 0.061111
0 0.628516 0.036806 0.069531 0.068056
0 0.640625 0.196528 0.045313 0.073611
0 0.715234 0.125694 0.033594 0.065278
0 0.781250 0.025000 0.051562 0.044444
0 0.757813 0.087500 0.062500 0.147222
0 0.737500 0.200000 0.087500 0.094444
0 0.692187 0.276389 0.106250 0.069444
0 0.528516 0.328472 0.105469 0.093056
0 0.544531 0.256250 0.031250 0.109722
0 0.552344 0.453472 0.057813 0.109722
0 0.608594 0.516667 0.087500 0.094444
0 0.474219 0.634028 0.059375 0.137500
0 0.682031 0.770139 0.071875 0.120833
0 0.808594 0.613889 0.107813 0.069444
0 0.886719 0.684028 0.104687 0.065278
0 0.041406 0.647917 0.075000 0.090278
0 0.108594 0.540972 0.087500 0.040278
0 0.313672 0.454861 0.074219 0.112500
0 0.306641 0.298611 0.117969 0.063889
0 0.379687 0.325694 0.053125 0.104167
0 0.391406 0.308333 0.093750 0.072222
0 0.410547 0.263889 0.092969 0.075000
0 0.405469 0.212500 0.050000 0.111111
0 0.499609 0.158333 0.083594 0.055556
0 0.534766 0.145833 0.017969 0.041667
0 0.451562 0.128472 0.089062 0.056944
0 0.473047 0.130556 0.097656 0.075000
0 0.469141 0.354861 0.032031 0.073611
0 0.445703 0.390278 0.100781 0.105556
0 0.326953 0.575694 0.035156 0.165278
0 0.323828 0.600000 0.019531 0.113889
0 0.337109 0.527778 0.089844 0.052778
0 0.264453 0.675000 0.044531 0.108333
0 0.221094 0.515972 0.095312 0.059722
0 0.252734 0.413194 0.107031 0.059722
0 0.185156 0.477778 0.104687 0.083333
0 0.167578 0.928472 0.035156 0.109722
0 0.213281 0.950000 0.026563 0.094444
0 0.123047 0.960417 0.025781 0.056944
0 0.687109 0.944444 0.025781 0.088889
0 0.721484 0.952778 0.039844 0.072222
0 0.917188 0.951389 0.123438 0.075000
0 0.701563 0.540278 0.042188 0.063889
