0 0.219531 0.058333 0.031250 0.091667
0 0.162109 0.041667 0.025781 0.077778
0 0.116797 0.084722 0.039844 0.122222
0 0.058594 0.241667 0.068750 0.119444
0 0.119141 0.214583 0.057031 0.106944
0 0.207031 0.260417 0.059375 0.115278
0 0.145703 0.277083 0.035156 0.115278
0 0.157813 0.447222 0.039063 0.161111
0 0.099609 0.432639 0.028906 0.098611
0 0.128516 0.515972 0.030469 0.137500
0 0.291797 0.645833 0.041406 0.136111
0 0.374609 0.275000 0.086719 0.111111
0 0.546484 0.284028 0.096094 0.093056
0 0.494141 0.727083 0.047656 0.145833
0 0.297266 0.750000 0.099219 0.086111
0 0.332031 0.727083 0.071875 0.070833
0 0.717188 0.325000 0.025000 0.100000
0 0.732813 0.303472 0.043750 0.134722
0 0.844141 0.438194 0.111719 0.051389
0 0.709375 0.815972 0.067188 0.140278
0 0.721094 0.906944 0.023438 0.072222
0 0.657031 0.947222 0.101563 0.058333
0 0.462891 0.934028 0.096094 0.048611
0 0.438672 0.955556 0.064844 0.075000
0 0.675000 0.046528 0.034375 0.123611
0 0.732422 0.043750 0.058594 0.081944
0 0.917969 0.038889 0.101563 0.069444
0 0.993750 0.618750 0.020312 0.126389
0 0.030078 0.010417 0.000781 0.004167
