0 0.161719 0.040972 0.048437 0.068056
0 0.085156 0.180556 0.067188 0.116667
0 0.188672 0.227083 0.083594 0.051389
0 0.234766 0.217361 0.022656 0.148611
0 0.168359 0.334028 0.027344 0.118056
0 0.266406 0.062500 0.060938 0.105556
0 0.372266 0.094444 0.019531 0.138889
0 0.345703 0.248611 0.022656 0.158333
0 0.258594 0.479861 0.028125 0.081944
0 0.260156 0.577083 0.034375 0.126389
0 0.093359 0.953472 0.075781 0.084722
0 0.537500 0.543056 0.084375 0.063889
0 0.386719 0.958333 0.090625 0.041667
0 0.755469 0.390278 0.040625 0.097222
0 0.808984 0.577778 0.032031 0.141667
0 0.788281 0.603472 0.032812 0.062500
0 0.587500 0.167361 0.035937 0.081944
0 0.563281 0.222222 0.073437 0.086111
0 0.612109 0.308333 0.028906 0.108333
0 0.628125 0.330556 0.031250 0.138889
0 0.647266 0.372222 0.047656 0.122222
0 0.673828 0.433333 0.044531 0.188889
