0 0.071484 0.055556 0.078906 0.091667
0 0.121094 0.250000 0.023438 0.141667
0 0.204297 0.445139 0.042969 0.120833
0 0.103516 0.503472 0.110156 0.048611
0 0.021875 0.642361 0.034375 0.062500
0 0.169531 0.813194 0.034375 0.095833
0 0.203516 0.902083 0.044531 0.134722
0 0.283203 0.936111 0.089844 0.058333
0 0.396875 0.960417 0.051562 0.073611
0 0.445703 0.729861 0.078906 0.054167
0 0.393750 0.528472 0.079687 0.059722
0 0.392969 0.480556 0.078125 0.083333
0 0.375391 0.063889 0.089844 0.066667
0 0.462109 0.393750 0.069531 0.054167
0 0.514453 0.561806 0.083594 0.051389
0 0.519141 0.627083 0.092969 0.087500
0 0.515625 0.737500 0.042188 0.136111
0 0.487109 0.847222 0.032031 0.147222
0 0.616406 0.696528 0.035937 0.123611
0 0.618359 0.804167 0.021094 0.077778
0 0.685156 0.761806 0.062500 0.106944
0 0.708203 0.481250 0.033594 0.165278
0 0.674219 0.164583 0.025000 0.126389
0 0.842969 0.127083 0.025000 0.181944
0 0.664844 0.292361 0.093750 0.090278
