0 0.153125 0.041667 0.096875 0.047222
0 0.025781 0.206250 0.025000 0.112500
0 0.128906 0.197917 0.068750 0.068056
0 0.086719 0.679861 0.056250 0.118056
0 0.132031 0.854861 0.050000 0.104167
0 0.118750 0.901389 0.057813 0.111111
0 0.199609 0.878472 0.071094 0.070833
0 0.231641 0.600000 0.100781 0.044444
0 0.302344 0.677778 0.048437 0.069444
0 0.331250 0.420833 0.034375 0.077778
0 0.400391 0.509722 0.082031 0.083333
0 0.624609 0.846528 0.024219 0.154167
0 0.353516 0.946528 0.083594 0.043056
0 0.735937 0.582639 0.084375 0.065278
0 0.691797 0.412500 0.053906 0.097222
0 0.694141 0.325000 0.060156 0.058333
0 0.655859 0.313889 0.044531 0.077778
0 0.630469 0.340972 0.056250 0.043056
