0 0.724609 0.129861 0.103906 0.029167
0 0.880078 0.445833 0.021094 0.136111
0 0.741016 0.494444 0.067969 0.108333
0 0.410156 0.300000 0.059375 0.047222
0 0.325391 0.422917 0.030469 0.109722
0 0.328906 0.686806 0.054688 0.115278
0 0.387891 0.772917 0.024219 0.145833
0 0.348047 0.762500 0.036719 0.097222
0 0.353125 0.845139 0.053125 0.084722
0 0.431641 0.699306 0.083594 0.054167
0 0.462109 0.866667 0.074219 0.058333
0 0.492969 0.919444 0.062500 0.075000
0 0.661719 0.804167 0.070313 0.075000
0 0.637109 0.927778 0.089844 0.047222
0 0.972266 0.895139 0.019531 0.168056
