0 0.350391 0.052778 0.047656 0.100000
0 0.148438 0.199306 0.023438 0.145833
0 0.133594 0.206944 0.073437 0.080556
0 0.098438 0.335417 0.029687 0.137500
0 0.329688 0.424306 0.040625 0.095833
0 0.328906 0.687500 0.029687 0.116667
0 0.236719 0.603472 0.095312 0.062500
0 0.084766 0.675000 0.041406 0.094444
0 0.083203 0.703472 0.088281 0.065278
0 0.283594 0.918750 0.085938 0.062500
0 0.199609 0.888889 0.074219 0.055556
0 0.129297 0.854167 0.053906 0.086111
0 0.120703 0.909722 0.055469 0.119444
0 0.634375 0.293750 0.078125 0.079167
0 0.669531 0.418056 0.045313 0.144444
0 0.659766 0.355556 0.075781 0.080556
0 0.664844 0.419444 0.107813 0.058333
0 0.740625 0.572917 0.046875 0.095833
0 0.584766 0.866667 0.032031 0.119444
0 0.758984 0.968750 0.105469 0.048611
