0 0.909766 0.145833 0.096094 0.072222
0 0.873438 0.066667 0.056250 0.113889
0 0.821094 0.059722 0.087500 0.050000
0 0.653516 0.120833 0.083594 0.050000
0 0.644141 0.266667 0.075781 0.072222
0 0.349219 0.260417 0.081250 0.087500
0 0.297266 0.561111 0.085156 0.050000
0 0.371875 0.799306 0.037500 0.120833
0 0.507031 0.680556 0.068750 0.127778
0 0.450391 0.956250 0.086719 0.076389
0 0.654688 0.872222 0.040625 0.127778
0 0.755469 0.956944 0.042188 0.080556
0 0.892578 0.727778 0.016406 0.130556
0 0.931250 0.627778 0.040625 0.100000
0 0.880469 0.528472 0.025000 0.131944
0 0.837500 0.481250 0.018750 0.123611
0 0.700781 0.429861 0.060938 0.106944
