0 0.132422 0.066667 0.016406 0.119444
0 0.716016 0.100694 0.096094 0.059722
0 0.353125 0.569444 0.035937 0.130556
0 0.237109 0.531250 0.074219 0.106944
0 0.189453 0.480556 0.064844 0.069444
0 0.439063 0.688889 0.085938 0.061111
0 0.337109 0.722222 0.035156 0.113889
0 0.407422 0.827083 0.064844 0.095833
0 0.457031 0.831944 0.065625 0.066667
0 0.446875 0.877083 0.040625 0.120833
0 0.541797 0.863194 0.047656 0.115278
0 0.569922 0.845833 0.033594 0.122222
0 0.780469 0.411806 0.032812 0.115278
0 0.880469 0.419444 0.025000 0.111111
0 0.966406 0.665972 0.026563 0.145833
0 0.915234 0.709722 0.066406 0.091667
0 0.882422 0.772917 0.077344 0.073611
0 0.955469 0.888889 0.070313 0.072222
0 0.840625 0.977083 0.081250 0.031944
