0 0.590234 0.574306 0.041406 0.051389
0 0.539063 0.763889 0.101563 0.061111
0 0.676562 0.254861 0.020312 0.143056
0 0.596094 0.106944 0.018750 0.138889
0 0.563672 0.301389 0.038281 0.125000
0 0.753125 0.366667 0.051562 0.138889
0 0.754297 0.038194 0.114844 0.051389
0 0.462891 0.118056 0.085156 0.066667
0 0.310156 0.465278 0.059375 0.083333
0 0.244531 0.591667 0.031250 0.116667
0 0.152734 0.211111 0.094531 0.041667
0 0.192578 0.257639 0.088281 0.048611
0 0.083594 0.400000 0.039063 0.125000
0 0.103125 0.648611 0.051562 0.108333
0 0.330469 0.891667 0.089062 0.077778
0 0.151562 0.944444 0.087500 0.047222
0 0.078516 0.959722 0.074219 0.041667
