0 0.054688 0.395833 0.037500 0.175000
0 0.134766 0.691667 0.135156 0.063889
0 0.200391 0.517361 0.035156 0.120833
0 0.382031 0.185417 0.018750 0.181944
0 0.440234 0.085417 0.057031 0.151389
0 0.585938 0.161111 0.053125 0.141667
0 0.581250 0.196528 0.110937 0.084722
0 0.793750 0.061806 0.123438 0.048611
0 0.925000 0.178472 0.026563 0.168056
0 0.857422 0.498611 0.119531 0.091667
0 0.645703 0.416667 0.063281 0.108333
0 0.748047 0.454861 0.102344 0.059722
0 0.628516 0.477778 0.092969 0.133333
0 0.700781 0.816667 0.112500 0.061111
0 0.751562 0.901389 0.129688 0.069444
