0 0.173047 0.263889 0.017969 0.136111
0 0.143359 0.202083 0.060156 0.073611
0 0.180078 0.193750 0.063281 0.059722
0 0.106641 0.384722 0.024219 0.144444
0 0.090234 0.701389 0.077344 0.058333
0 0.143359 0.803472 0.036719 0.079167
0 0.139844 0.851389 0.048437 0.083333
0 0.127344 0.905556 0.053125 0.075000
0 0.202734 0.879861 0.075781 0.054167
0 0.334375 0.422222 0.039063 0.094444
0 0.237891 0.597222 0.088281 0.044444
0 0.331250 0.677778 0.028125 0.113889
0 0.310156 0.918750 0.092188 0.043056
0 0.608594 0.852083 0.050000 0.101389
0 0.701953 0.640278 0.032031 0.094444
0 0.800000 0.731250 0.040625 0.106944
0 0.682422 0.405556 0.063281 0.102778
0 0.651953 0.336111 0.092969 0.050000
0 0.636328 0.293056 0.067969 0.080556
0 0.779688 0.976389 0.043750 0.027778
