0 0.340234 0.277083 0.072656 0.081944
0 0.301172 0.361806 0.086719 0.040278
0 0.335547 0.486111 0.075781 0.072222
0 0.276172 0.860417 0.036719 0.079167
0 0.219141 0.841667 0.057031 0.097222
0 0.497266 0.391667 0.071094 0.113889
0 0.508594 0.666667 0.059375 0.108333
0 0.437109 0.960417 0.089844 0.043056
0 0.659375 0.879167 0.034375 0.130556
0 0.703906 0.436111 0.064062 0.094444
0 0.652344 0.283333 0.075000 0.102778
0 0.812109 0.072222 0.080469 0.061111
0 0.932813 0.104861 0.095312 0.076389
0 0.900391 0.395833 0.013281 0.152778
0 0.841016 0.483333 0.019531 0.119444
0 0.931250 0.618750 0.089062 0.073611
0 0.939844 0.830556 0.046875 0.100000
