0 0.150000 0.033333 0.031250 0.052778
0 0.175000 0.232639 0.078125 0.040278
0 0.231250 0.298611 0.082813 0.033333
0 0.188281 0.344444 0.032812 0.111111
0 0.114844 0.415278 0.042188 0.102778
0 0.104687 0.650694 0.071875 0.087500
0 0.047266 0.915972 0.033594 0.126389
0 0.161719 0.941667 0.082813 0.047222
0 0.217578 0.974306 0.082031 0.026389
0 0.364844 0.902778 0.081250 0.072222
0 0.276953 0.608333 0.038281 0.116667
0 0.369922 0.507639 0.085156 0.073611
0 0.361719 0.078472 0.065625 0.051389
0 0.567969 0.318056 0.056250 0.119444
0 0.721094 0.212500 0.031250 0.150000
0 0.767969 0.297222 0.040625 0.075000
0 0.801172 0.211806 0.039844 0.101389
0 0.610937 0.137500 0.025000 0.102778
0 0.587500 0.108333 0.048437 0.116667
0 0.589844 0.588194 0.053125 0.076389
0 0.637109 0.718056 0.074219 0.063889
