0 0.161719 0.047222 0.089062 0.038889
0 0.115234 0.194444 0.071094 0.075000
0 0.079687 0.692361 0.051562 0.098611
0 0.219922 0.601389 0.105469 0.044444
0 0.292969 0.690972 0.042188 0.079167
0 0.191406 0.888889 0.067188 0.058333
0 0.119531 0.861111 0.048437 0.072222
0 0.114063 0.900694 0.064062 0.093056
0 0.325000 0.433333 0.043750 0.105556
0 0.462500 0.593750 0.053125 0.084722
0 0.618750 0.854861 0.035937 0.140278
0 0.681641 0.404861 0.058594 0.101389
0 0.711328 0.379861 0.082031 0.037500
0 0.655078 0.322917 0.057031 0.065278
0 0.631641 0.345833 0.041406 0.055556
0 0.725000 0.898611 0.029687 0.097222
