0 0.359766 0.296528 0.067969 0.070833
0 0.307813 0.333333 0.051562 0.069444
0 0.432813 0.689583 0.085938 0.023611
0 0.392969 0.763194 0.025000 0.129167
0 0.372266 0.858333 0.058594 0.105556
0 0.353906 0.765972 0.035937 0.115278
0 0.326172 0.671528 0.050781 0.118056
0 0.488281 0.917361 0.067188 0.073611
0 0.454297 0.860417 0.058594 0.059722
0 0.670313 0.800000 0.079687 0.083333
0 0.624609 0.926389 0.078906 0.047222
0 0.748438 0.513889 0.043750 0.094444
0 0.728906 0.123611 0.112500 0.033333
0 0.889063 0.454167 0.032812 0.113889
