0 0.338672 0.079861 0.066406 0.073611
0 0.221094 0.293750 0.085938 0.037500
0 0.178125 0.391667 0.029687 0.122222
0 0.168359 0.223611 0.080469 0.044444
0 0.109375 0.415278 0.042188 0.122222
0 0.094141 0.657639 0.071094 0.076389
0 0.266797 0.606944 0.028906 0.119444
0 0.361719 0.501389 0.076563 0.066667
0 0.358203 0.895139 0.080469 0.076389
0 0.212109 0.970833 0.099219 0.036111
0 0.149219 0.946528 0.082813 0.043056
0 0.566016 0.320833 0.050781 0.122222
0 0.590625 0.588194 0.065625 0.104167
0 0.642578 0.687500 0.078906 0.094444
0 0.718359 0.197917 0.028906 0.123611
0 0.755469 0.295833 0.060938 0.069444
0 0.798047 0.198611 0.041406 0.105556
0 0.739453 0.017361 0.080469 0.034722
0 0.600781 0.127778 0.020312 0.108333
0 0.581641 0.101389 0.052344 0.105556
