0 0.298438 0.359028 0.081250 0.056944
0 0.375781 0.372917 0.068750 0.051389
0 0.489844 0.427778 0.065625 0.102778
0 0.335938 0.502778 0.075000 0.066667
0 0.269531 0.840278 0.037500 0.061111
0 0.223438 0.869444 0.054688 0.080556
0 0.511719 0.687500 0.050000 0.136111
0 0.664453 0.883333 0.027344 0.136111
0 0.442578 0.972222 0.074219 0.036111
0 0.718750 0.435417 0.053125 0.084722
0 0.654688 0.268056 0.067188 0.086111
0 0.792188 0.077778 0.064062 0.038889
0 0.945313 0.107639 0.092188 0.065278
0 0.920313 0.339583 0.023438 0.131944
0 0.862500 0.496528 0.029687 0.129167
0 0.943750 0.639583 0.096875 0.093056
0 0.955078 0.861111 0.049219 0.100000
0 0.596875 0.013194 0.085938 0.048611
0 0.514844 0.025000 0.040625 0.063889
