0 0.188281 0.052083 0.084375 0.043056
0 0.120312 0.197917 0.065625 0.081944
0 0.083594 0.682639 0.046875 0.090278
0 0.226172 0.597917 0.100781 0.051389
0 0.327734 0.431250 0.036719 0.098611
0 0.290234 0.688889 0.050781 0.077778
0 0.115234 0.915972 0.058594 0.101389
0 0.126953 0.856944 0.049219 0.086111
0 0.198437 0.883333 0.084375 0.050000
0 0.621094 0.834722 0.028125 0.119444
0 0.736328 0.408333 0.075781 0.069444
0 0.682422 0.409028 0.047656 0.104167
0 0.643750 0.336111 0.067188 0.061111
0 0.654297 0.304167 0.060156 0.061111
0 0.741406 0.927083 0.082813 0.065278
