0 0.720703 0.133333 0.099219 0.047222
0 0.295312 0.322222 0.048437 0.069444
0 0.314453 0.304167 0.055469 0.069444
0 0.432422 0.692361 0.089844 0.029167
0 0.350391 0.760417 0.039844 0.101389
0 0.387891 0.761111 0.042969 0.108333
0 0.329688 0.672222 0.068750 0.102778
0 0.397266 0.865278 0.052344 0.086111
0 0.496875 0.931250 0.057813 0.056944
0 0.451172 0.865972 0.050781 0.062500
0 0.597266 0.940278 0.057031 0.100000
0 0.659766 0.802778 0.075781 0.094444
0 0.747266 0.543056 0.025781 0.108333
0 0.889844 0.448611 0.018750 0.111111
