0 0.509766 0.066667 0.028906 0.086111
0 0.566406 0.051389 0.090625 0.038889
0 0.785547 0.069444 0.028906 0.077778
0 0.935547 0.109028 0.094531 0.073611
0 0.918359 0.321528 0.030469 0.129167
0 0.847656 0.491667 0.026563 0.127778
0 0.926562 0.498611 0.065625 0.047222
0 0.939062 0.628472 0.081250 0.073611
0 0.650000 0.263194 0.060938 0.076389
0 0.709375 0.438194 0.053125 0.109722
0 0.501562 0.434028 0.054688 0.101389
0 0.328906 0.497222 0.073437 0.075000
0 0.362109 0.360417 0.075781 0.070833
0 0.296875 0.359722 0.079687 0.041667
0 0.231641 0.784028 0.047656 0.093056
0 0.215625 0.855556 0.051562 0.061111
0 0.433984 0.957639 0.083594 0.048611
0 0.507813 0.679861 0.065625 0.106944
0 0.662109 0.871528 0.039844 0.109722
0 0.968750 0.894444 0.042188 0.086111
