0 0.150000 0.027778 0.028125 0.044444
0 0.344141 0.111111 0.075781 0.077778
0 0.233203 0.322917 0.089844 0.068056
0 0.173438 0.232639 0.092188 0.056944
0 0.187891 0.398611 0.047656 0.130556
0 0.115625 0.413889 0.039063 0.113889
0 0.098438 0.663889 0.079687 0.088889
0 0.274609 0.602778 0.041406 0.108333
0 0.366797 0.506944 0.088281 0.086111
0 0.569141 0.322917 0.041406 0.106944
0 0.722266 0.244444 0.036719 0.088889
0 0.776953 0.281944 0.078906 0.044444
0 0.610156 0.129861 0.026563 0.112500
0 0.576172 0.122917 0.041406 0.101389
0 0.768750 0.029167 0.101563 0.033333
0 0.811719 0.172222 0.034375 0.113889
0 0.857813 0.204167 0.037500 0.080556
0 0.675391 0.648611 0.061719 0.102778
0 0.576172 0.615278 0.053906 0.102778
0 0.371094 0.908333 0.081250 0.088889
0 0.227344 0.975000 0.090625 0.027778
0 0.123828 0.970139 0.058594 0.037500
