0 0.352734 0.052083 0.030469 0.104167
0 0.150000 0.204167 0.018750 0.141667
0 0.139844 0.206944 0.071875 0.077778
0 0.101563 0.341667 0.028125 0.136111
0 0.330078 0.420833 0.032031 0.100000
0 0.324609 0.688889 0.024219 0.136111
0 0.236719 0.603472 0.090625 0.040278
0 0.092969 0.676389 0.035937 0.086111
0 0.080859 0.692361 0.067969 0.054167
0 0.132031 0.854861 0.050000 0.076389
0 0.124219 0.904167 0.056250 0.086111
0 0.208203 0.876389 0.075781 0.061111
0 0.288672 0.918056 0.088281 0.055556
0 0.583203 0.852778 0.030469 0.130556
0 0.759375 0.968056 0.100000 0.055556
0 0.743359 0.576389 0.042969 0.094444
0 0.673047 0.422917 0.033594 0.131944
0 0.662500 0.414583 0.101563 0.043056
0 0.658984 0.356250 0.071094 0.062500
0 0.637500 0.298611 0.076563 0.094444
