0 0.347656 0.270833 0.076563 0.091667
0 0.302344 0.576389 0.073437 0.050000
0 0.381250 0.811806 0.029687 0.106944
0 0.447266 0.966667 0.071094 0.061111
0 0.516406 0.687500 0.056250 0.100000
0 0.662891 0.884028 0.030469 0.145833
0 0.773438 0.961111 0.028125 0.072222
0 0.707812 0.437500 0.057813 0.097222
0 0.650000 0.273611 0.065625 0.086111
0 0.666406 0.127778 0.075000 0.038889
0 0.891797 0.074306 0.049219 0.104167
0 0.922266 0.145139 0.094531 0.056944
0 0.837500 0.051389 0.076563 0.047222
0 0.848047 0.497917 0.025781 0.140278
0 0.896484 0.545833 0.021094 0.136111
0 0.951172 0.646528 0.055469 0.151389
0 0.905859 0.748611 0.021094 0.130556
