0 0.135156 0.068056 0.025000 0.119444
0 0.717969 0.101389 0.100000 0.061111
0 0.785937 0.407639 0.042188 0.118056
0 0.885938 0.429861 0.032812 0.134722
0 0.975391 0.658333 0.022656 0.161111
0 0.921875 0.711111 0.068750 0.080556
0 0.883203 0.779861 0.075781 0.084722
0 0.955078 0.897917 0.069531 0.079167
0 0.849219 0.973611 0.104687 0.041667
0 0.572656 0.847222 0.032812 0.119444
0 0.547656 0.859028 0.046875 0.112500
0 0.441406 0.684722 0.090625 0.050000
0 0.354297 0.574306 0.033594 0.112500
0 0.345703 0.718750 0.033594 0.112500
0 0.411719 0.849306 0.081250 0.095833
0 0.457812 0.831944 0.070313 0.072222
0 0.448438 0.870139 0.042188 0.104167
0 0.244141 0.533333 0.066406 0.108333
0 0.191406 0.483333 0.059375 0.088889
