0 0.141016 0.204167 0.092969 0.055556
0 0.187891 0.256944 0.094531 0.047222
0 0.075781 0.396528 0.042188 0.143056
0 0.101953 0.654167 0.063281 0.138889
0 0.149219 0.948611 0.087500 0.052778
0 0.072266 0.961111 0.086719 0.044444
0 0.243359 0.590278 0.033594 0.122222
0 0.299219 0.457639 0.064062 0.079167
0 0.327734 0.884722 0.091406 0.094444
0 0.462500 0.115972 0.090625 0.084722
0 0.597656 0.109722 0.028125 0.144444
0 0.560156 0.300694 0.039063 0.148611
0 0.676172 0.259028 0.024219 0.143056
0 0.754687 0.033333 0.092188 0.047222
0 0.755078 0.364583 0.047656 0.120833
0 0.619531 0.563889 0.070313 0.111111
0 0.542969 0.765278 0.107813 0.086111
