0 0.450391 0.089583 0.058594 0.159722
0 0.391797 0.200000 0.028906 0.166667
0 0.217969 0.497222 0.050000 0.108333
0 0.072656 0.402778 0.051562 0.186111
0 0.142969 0.688889 0.126563 0.075000
0 0.598437 0.174306 0.046875 0.134722
0 0.588672 0.195833 0.111719 0.061111
0 0.801562 0.075694 0.114063 0.079167
0 0.928906 0.184028 0.023438 0.181944
0 0.877734 0.491667 0.124219 0.072222
0 0.756641 0.447222 0.102344 0.058333
0 0.648047 0.413194 0.072656 0.106944
0 0.642969 0.493056 0.078125 0.136111
0 0.705078 0.815972 0.124219 0.081944
0 0.764453 0.884028 0.117969 0.062500
