0 0.305078 0.027083 0.105469 0.043056
0 0.215234 0.281250 0.091406 0.029167
0 0.180078 0.234722 0.086719 0.033333
0 0.110547 0.416667 0.044531 0.108333
0 0.135937 0.665278 0.056250 0.113889
0 0.322266 0.469444 0.080469 0.069444
0 0.276563 0.609722 0.034375 0.108333
0 0.125391 0.966667 0.083594 0.058333
0 0.273047 0.913194 0.075781 0.040278
0 0.357812 0.893750 0.089062 0.040278
0 0.569922 0.763194 0.089844 0.056944
0 0.616016 0.559028 0.052344 0.076389
0 0.578125 0.320833 0.031250 0.122222
0 0.482422 0.142361 0.082031 0.054167
0 0.617969 0.143056 0.029687 0.130556
0 0.689844 0.281944 0.017188 0.127778
0 0.779297 0.337500 0.046094 0.100000
0 0.802734 0.098611 0.082031 0.052778
0 0.005469 0.811111 0.018750 0.144444
