0 0.207422 0.061806 0.080469 0.054167
0 0.116016 0.197917 0.072656 0.068056
0 0.323828 0.430556 0.044531 0.094444
0 0.497266 0.709028 0.033594 0.065278
0 0.635547 0.905556 0.035156 0.083333
0 0.764844 0.941667 0.093750 0.050000
0 0.225781 0.610417 0.095312 0.045833
0 0.272656 0.699306 0.035937 0.073611
0 0.082031 0.692361 0.046875 0.098611
0 0.194141 0.889583 0.082031 0.048611
0 0.123047 0.861111 0.042969 0.066667
0 0.111719 0.910417 0.057813 0.084722
0 0.016797 0.885417 0.028906 0.062500
0 0.749219 0.451389 0.068750 0.105556
0 0.683203 0.409028 0.046094 0.076389
0 0.654688 0.311111 0.075000 0.088889
0 0.628906 0.345139 0.051562 0.065278
