0 0.303906 0.306250 0.068750 0.076389
0 0.279297 0.328472 0.063281 0.076389
0 0.429297 0.691667 0.082031 0.050000
0 0.328125 0.671528 0.067188 0.081944
0 0.348437 0.772222 0.039063 0.091667
0 0.382031 0.772222 0.039063 0.088889
0 0.407422 0.901389 0.050781 0.097222
0 0.486328 0.915278 0.060156 0.083333
0 0.441406 0.868056 0.035937 0.052778
0 0.660156 0.810417 0.067188 0.079167
0 0.591797 0.947917 0.039844 0.081944
0 0.743359 0.561111 0.030469 0.105556
0 0.721875 0.133333 0.104687 0.038889
0 0.884375 0.459722 0.034375 0.125000
