0 0.771875 0.068750 0.025000 0.109722
0 0.914453 0.119444 0.088281 0.097222
0 0.902734 0.319444 0.036719 0.130556
0 0.915234 0.456250 0.064844 0.056944
0 0.833594 0.478472 0.032812 0.145833
0 0.916797 0.613889 0.088281 0.061111
0 0.967969 0.900694 0.051562 0.084722
0 0.696875 0.423611 0.048437 0.077778
0 0.637500 0.257639 0.071875 0.087500
0 0.650000 0.875694 0.039063 0.129167
0 0.566406 0.066667 0.079687 0.025000
0 0.514453 0.077778 0.032031 0.105556
0 0.478906 0.497222 0.053125 0.100000
0 0.316797 0.503472 0.064844 0.087500
0 0.337891 0.355556 0.057031 0.058333
0 0.266797 0.362500 0.089844 0.041667
0 0.203906 0.745833 0.042188 0.077778
0 0.233594 0.825000 0.037500 0.091667
0 0.433984 0.947917 0.089844 0.068056
0 0.504687 0.669444 0.054688 0.102778
