0 0.175781 0.229861 0.081250 0.037500
0 0.230859 0.319444 0.072656 0.050000
0 0.183984 0.390972 0.036719 0.098611
0 0.111719 0.412500 0.043750 0.113889
0 0.089844 0.668750 0.067188 0.095833
0 0.268750 0.600000 0.037500 0.097222
0 0.364844 0.513194 0.081250 0.068056
0 0.346094 0.100694 0.081250 0.045833
0 0.571484 0.324306 0.049219 0.112500
0 0.565625 0.639583 0.048437 0.104167
0 0.676953 0.652083 0.080469 0.079167
0 0.360156 0.909028 0.081250 0.068056
0 0.216016 0.966667 0.099219 0.052778
0 0.607031 0.123611 0.021875 0.116667
0 0.579297 0.125694 0.035156 0.095833
0 0.655859 0.050000 0.052344 0.069444
0 0.717578 0.239583 0.030469 0.126389
0 0.773828 0.277778 0.060156 0.038889
0 0.803125 0.163889 0.021875 0.122222
0 0.863672 0.193750 0.050781 0.059722
0 0.778125 0.019444 0.092188 0.041667
