0 0.256250 0.081944 0.079687 0.058333
0 0.129297 0.195139 0.071094 0.081944
0 0.336719 0.434722 0.045313 0.108333
0 0.233594 0.593056 0.082813 0.044444
0 0.098438 0.677083 0.051562 0.101389
0 0.026172 0.865972 0.049219 0.076389
0 0.125781 0.900000 0.053125 0.077778
0 0.135156 0.838889 0.040625 0.080556
0 0.199609 0.873611 0.080469 0.061111
0 0.300000 0.702778 0.051562 0.038889
0 0.503516 0.725694 0.035156 0.065278
0 0.653906 0.946528 0.050000 0.087500
0 0.783984 0.927083 0.092969 0.048611
0 0.778125 0.527083 0.051562 0.109722
0 0.687891 0.402778 0.057031 0.086111
0 0.655469 0.317361 0.064062 0.068056
0 0.632813 0.339583 0.056250 0.059722
