0 0.304688 0.322917 0.054688 0.062500
0 0.280859 0.288194 0.055469 0.056944
0 0.195313 0.498611 0.045313 0.111111
0 0.322266 0.677778 0.066406 0.097222
0 0.345703 0.775000 0.042969 0.105556
0 0.424609 0.694444 0.088281 0.030556
0 0.455078 0.870833 0.072656 0.063889
0 0.489844 0.919444 0.060938 0.050000
0 0.423438 0.929861 0.046875 0.115278
0 0.586328 0.950000 0.050781 0.066667
0 0.659766 0.808333 0.067969 0.066667
0 0.736719 0.554861 0.037500 0.126389
0 0.873828 0.451389 0.035156 0.111111
0 0.717188 0.150000 0.095312 0.063889
