0 0.357422 0.113889 0.094531 0.050000
0 0.181250 0.229861 0.078125 0.079167
0 0.237109 0.336111 0.066406 0.083333
0 0.190234 0.400694 0.042969 0.134722
0 0.117969 0.422917 0.032812 0.109722
0 0.104687 0.675000 0.067188 0.091667
0 0.278906 0.606250 0.037500 0.104167
0 0.378516 0.518750 0.089844 0.079167
0 0.146484 0.022917 0.039844 0.040278
0 0.573047 0.327778 0.044531 0.108333
0 0.568359 0.646528 0.055469 0.106944
0 0.686328 0.647222 0.064844 0.105556
0 0.367578 0.902778 0.089844 0.061111
0 0.237891 0.956250 0.092969 0.031944
0 0.664063 0.105556 0.045313 0.083333
0 0.718359 0.263889 0.032031 0.088889
0 0.782031 0.280556 0.079687 0.050000
0 0.803125 0.172222 0.042188 0.116667
0 0.859766 0.218056 0.053906 0.058333
0 0.786328 0.044444 0.099219 0.041667
0 0.605469 0.138889 0.020312 0.116667
0 0.583594 0.127083 0.040625 0.081944
