0 0.539063 0.086806 0.079687 0.045833
0 0.530859 0.050694 0.099219 0.040278
0 0.949609 0.022917 0.080469 0.040278
0 0.931641 0.111806 0.099219 0.048611
0 0.912109 0.320833 0.035156 0.136111
0 0.935156 0.408333 0.028125 0.091667
0 0.933984 0.620139 0.082031 0.070833
0 0.836328 0.473611 0.025781 0.138889
0 0.652734 0.268056 0.089844 0.069444
0 0.700000 0.425000 0.051562 0.116667
0 0.332422 0.504861 0.066406 0.070833
0 0.240625 0.841667 0.018750 0.136111
0 0.185937 0.694444 0.039063 0.088889
0 0.280078 0.382639 0.105469 0.045833
0 0.358203 0.364583 0.088281 0.079167
0 0.481641 0.552083 0.047656 0.120833
0 0.505859 0.666667 0.055469 0.105556
0 0.655469 0.881250 0.034375 0.126389
0 0.439453 0.954861 0.102344 0.076389
