0 0.685547 0.412500 0.067969 0.102778
0 0.778906 0.609722 0.032812 0.136111
0 0.650781 0.351389 0.068750 0.077778
0 0.647266 0.315972 0.063281 0.065278
0 0.264062 0.090972 0.075000 0.051389
0 0.114844 0.192361 0.070313 0.076389
0 0.084766 0.691667 0.046094 0.086111
0 0.226172 0.606944 0.094531 0.044444
0 0.322266 0.434028 0.038281 0.104167
0 0.291016 0.697222 0.049219 0.061111
0 0.521094 0.813889 0.045313 0.102778
0 0.202344 0.899306 0.085938 0.065278
0 0.122266 0.861111 0.044531 0.080556
0 0.116016 0.915278 0.061719 0.100000
0 0.079297 0.902083 0.011719 0.073611
0 0.782812 0.945139 0.103125 0.043056
