0 0.437891 0.029167 0.071094 0.047222
0 0.480078 0.227778 0.041406 0.066667
0 0.308594 0.309028 0.076563 0.106944
0 0.193359 0.190278 0.089844 0.058333
0 0.346484 0.619444 0.044531 0.102778
0 0.316406 0.673611 0.035937 0.094444
0 0.342578 0.857639 0.042969 0.043056
0 0.514844 0.764583 0.085938 0.059722
0 0.462891 0.559722 0.108594 0.050000
0 0.889844 0.652083 0.050000 0.115278
0 0.896484 0.436111 0.035156 0.091667
0 0.951953 0.372222 0.088281 0.041667
0 0.749609 0.581944 0.092969 0.066667
0 0.793359 0.568750 0.055469 0.034722
0 0.806250 0.301389 0.076563 0.063889
0 0.858984 0.259028 0.046094 0.029167
0 0.891406 0.225000 0.032812 0.075000
0 0.934375 0.243750 0.051562 0.056944
0 0.809766 0.252083 0.094531 0.040278
0 0.819141 0.205556 0.022656 0.036111
0 0.807031 0.206944 0.039063 0.069444
0 0.835938 0.167361 0.062500 0.043056
0 0.722266 0.050000 0.074219 0.058333
0 0.892187 0.080556 0.020312 0.127778
0 0.928906 0.065278 0.046875 0.058333
0 0.955078 0.079861 0.028906 0.112500
0 0.985156 0.104167 0.028125 0.080556
0 0.970703 0.025000 0.050781 0.050000
