0 0.942969 0.088194 0.051562 0.118056
0 0.510938 0.068750 0.035937 0.134722
0 0.543750 0.205556 0.029687 0.122222
0 0.045703 0.444444 0.085156 0.083333
0 0.736328 0.298611 0.017969 0.158333
0 0.724609 0.369444 0.082031 0.066667
0 0.650781 0.383333 0.078125 0.069444
0 0.586328 0.412500 0.055469 0.119444
0 0.563672 0.616667 0.021094 0.166667
0 0.509766 0.631250 0.102344 0.045833
0 0.620703 0.686806 0.030469 0.131944
0 0.747266 0.549306 0.033594 0.129167
0 0.834375 0.481250 0.034375 0.165278
0 0.873828 0.684722 0.108594 0.069444
0 0.702734 0.740278 0.091406 0.111111
0 0.805469 0.931250 0.050000 0.115278
0 0.751562 0.930556 0.057813 0.086111
