0 0.443359 0.824306 0.030469 0.137500
0 0.465234 0.894444 0.039844 0.130556
0 0.244531 0.625694 0.101563 0.062500
0 0.060938 0.343750 0.045313 0.140278
0 0.094922 0.564583 0.099219 0.056944
0 0.030078 0.818056 0.055469 0.130556
0 0.497266 0.076389 0.032031 0.152778
0 0.459766 0.211806 0.108594 0.073611
0 0.374609 0.193750 0.067969 0.137500
0 0.848047 0.389583 0.088281 0.101389
0 0.672656 0.681944 0.070313 0.111111
0 0.635156 0.776389 0.023438 0.141667
0 0.584766 0.906944 0.028906 0.144444
0 0.605469 0.613194 0.043750 0.104167
0 0.612109 0.634722 0.077344 0.075000
0 0.614844 0.669444 0.057813 0.091667
0 0.548437 0.615278 0.060938 0.113889
