0 0.504297 0.075694 0.014844 0.148611
0 0.493359 0.146528 0.099219 0.070833
0 0.392188 0.148611 0.096875 0.102778
0 0.315625 0.202083 0.060938 0.140278
0 0.286328 0.459722 0.033594 0.197222
0 0.206250 0.487500 0.129688 0.066667
0 0.366016 0.554167 0.046094 0.166667
0 0.525781 0.370833 0.039063 0.163889
0 0.634375 0.271528 0.048437 0.176389
0 0.458594 0.629861 0.093750 0.120833
0 0.679297 0.559028 0.136719 0.048611
0 0.866406 0.647222 0.120312 0.080556
0 0.531250 0.863889 0.071875 0.122222
0 0.598437 0.876389 0.068750 0.147222
