0 0.615234 0.134722 0.024219 0.108333
0 0.550391 0.152083 0.075781 0.054167
0 0.584766 0.320833 0.033594 0.136111
0 0.694922 0.281944 0.025781 0.141667
0 0.610937 0.567361 0.078125 0.104167
0 0.596875 0.741667 0.098438 0.041667
0 0.793359 0.266667 0.053906 0.097222
0 0.826953 0.195139 0.050781 0.068056
0 0.812500 0.047917 0.015625 0.084722
0 0.273438 0.602083 0.039063 0.095833
0 0.301953 0.420139 0.089844 0.059722
0 0.179297 0.240278 0.088281 0.044444
0 0.181250 0.302778 0.057813 0.083333
0 0.229687 0.295139 0.081250 0.043056
0 0.121484 0.411111 0.050781 0.155556
0 0.107031 0.670139 0.079687 0.093056
0 0.025781 0.674306 0.039063 0.126389
0 0.186328 0.971528 0.097656 0.043056
0 0.282813 0.920139 0.079687 0.037500
0 0.365234 0.906250 0.082031 0.051389
