0 0.370703 0.177778 0.057031 0.036111
0 0.377344 0.256944 0.050000 0.111111
0 0.231250 0.613194 0.059375 0.101389
0 0.193359 0.700000 0.055469 0.088889
0 0.119141 0.938889 0.064844 0.069444
0 0.411328 0.917361 0.094531 0.084722
0 0.455078 0.736806 0.030469 0.131944
0 0.536719 0.370139 0.085938 0.051389
0 0.535156 0.200694 0.039063 0.137500
0 0.628516 0.281944 0.038281 0.100000
0 0.697266 0.398611 0.063281 0.108333
0 0.643750 0.049306 0.075000 0.062500
0 0.752734 0.136111 0.080469 0.050000
0 0.848828 0.053472 0.053906 0.106944
0 0.904297 0.234722 0.027344 0.133333
0 0.848828 0.467361 0.097656 0.048611
0 0.891406 0.497917 0.093750 0.051389
0 0.794141 0.561806 0.049219 0.093056
0 0.806250 0.658333 0.073437 0.086111
0 0.734375 0.645833 0.026563 0.127778
0 0.933984 0.636111 0.061719 0.086111
0 0.919141 0.718750 0.074219 0.045833
0 0.867969 0.752778 0.021875 0.094444
0 0.743750 0.745833 0.070313 0.058333
0 0.660156 0.761111 0.075000 0.055556
0 0.628125 0.844444 0.021875 0.113889
0 0.577734 0.856250 0.067969 0.056944
0 0.701953 0.952778 0.077344 0.052778
0 0.701953 0.861111 0.022656 0.105556
0 0.740625 0.883333 0.042188 0.097222
0 0.729688 0.871528 0.037500 0.093056
0 0.743359 0.795139 0.041406 0.056944
0 0.803125 0.791667 0.059375 0.038889
0 0.801172 0.846528 0.019531 0.062500
0 0.794531 0.899306 0.028125 0.090278
0 0.772656 0.895139 0.015625 0.115278
0 0.861719 0.898611 0.051562 0.075000
0 0.869141 0.953472 0.017969 0.087500
0 0.941016 0.907639 0.050781 0.056944
0 0.961719 0.818750 0.014062 0.120833
0 0.968359 0.782639 0.060156 0.037500
0 0.906641 0.943750 0.063281 0.051389
0 0.935156 0.970833 0.040625 0.050000
