0 0.058203 0.134722 0.027344 0.091667
0 0.051172 0.088889 0.038281 0.075000
0 0.050781 0.143750 0.060938 0.059722
0 0.033594 0.101389 0.026563 0.025000
0 0.033203 0.195833 0.061719 0.058333
0 0.069531 0.216667 0.037500 0.075000
0 0.105859 0.198611 0.046094 0.050000
0 0.155469 0.227083 0.046875 0.065278
0 0.118359 0.118056 0.050781 0.080556
0 0.145313 0.068750 0.028125 0.093056
0 0.166016 0.125694 0.016406 0.079167
0 0.178906 0.100694 0.021875 0.056944
0 0.186719 0.058333 0.045313 0.097222
0 0.235547 0.166667 0.019531 0.102778
0 0.027344 0.350694 0.054688 0.048611
0 0.364453 0.050694 0.036719 0.084722
0 0.316797 0.204167 0.047656 0.094444
0 0.281641 0.293056 0.061719 0.050000
0 0.216406 0.275694 0.060938 0.068056
0 0.211328 0.425000 0.036719 0.108333
0 0.161328 0.450694 0.069531 0.034722
0 0.221484 0.490972 0.047656 0.026389
0 0.281250 0.470139 0.059375 0.029167
0 0.398438 0.196528 0.076563 0.065278
0 0.826172 0.113194 0.038281 0.134722
0 0.744531 0.250694 0.078125 0.076389
0 0.738672 0.569444 0.022656 0.113889
0 0.753125 0.649306 0.035937 0.043056
0 0.704687 0.638194 0.023438 0.140278
0 0.637891 0.643056 0.066406 0.088889
0 0.682422 0.527778 0.063281 0.075000
