0 0.173047 0.323611 0.058594 0.094444
0 0.189844 0.502083 0.029687 0.148611
0 0.033594 0.636806 0.062500 0.084722
0 0.032812 0.737500 0.060938 0.055556
0 0.154687 0.738194 0.028125 0.115278
0 0.134375 0.730556 0.065625 0.050000
0 0.159375 0.900000 0.037500 0.072222
0 0.067578 0.829861 0.022656 0.101389
0 0.072656 0.806250 0.075000 0.037500
0 0.045703 0.926389 0.061719 0.047222
0 0.018359 0.984028 0.033594 0.023611
0 0.047656 0.968750 0.026563 0.037500
0 0.419531 0.092361 0.057813 0.076389
0 0.373828 0.040278 0.052344 0.050000
0 0.498828 0.120139 0.033594 0.151389
0 0.336719 0.050000 0.053125 0.041667
0 0.650781 0.281944 0.064062 0.088889
0 0.662109 0.383333 0.066406 0.030556
0 0.669141 0.371528 0.044531 0.112500
0 0.615625 0.641667 0.087500 0.061111
0 0.855078 0.872222 0.055469 0.072222
0 0.381250 0.631944 0.031250 0.075000
0 0.382422 0.554861 0.103906 0.056944
0 0.208594 0.618750 0.073437 0.051389
0 0.231250 0.888194 0.059375 0.076389
0 0.315234 0.829861 0.077344 0.076389
0 0.369922 0.940972 0.035156 0.095833
