0 0.138281 0.075000 0.039063 0.102778
0 0.173438 0.069444 0.028125 0.122222
0 0.168359 0.231944 0.055469 0.038889
0 0.292188 0.575694 0.043750 0.137500
0 0.463281 0.547222 0.087500 0.063889
0 0.523047 0.752778 0.086719 0.063889
0 0.392188 0.859028 0.076563 0.068056
0 0.580078 0.936806 0.091406 0.040278
0 0.535937 0.977778 0.084375 0.038889
0 0.708203 0.615972 0.074219 0.051389
0 0.773438 0.636111 0.050000 0.088889
0 0.848047 0.503472 0.049219 0.106944
0 0.908203 0.751389 0.036719 0.097222
0 0.807031 0.303472 0.029687 0.090278
0 0.651953 0.188889 0.092969 0.061111
0 0.547266 0.109028 0.058594 0.095833
0 0.753516 0.026389 0.064844 0.036111
0 0.858984 0.028472 0.047656 0.056944
0 0.921484 0.059722 0.033594 0.102778
0 0.963281 0.054167 0.048437 0.080556
0 0.991016 0.164583 0.016406 0.093056
0 0.828516 0.240972 0.086719 0.037500
0 0.801172 0.188889 0.038281 0.055556
0 0.826172 0.184722 0.021094 0.069444
0 0.857031 0.150694 0.043750 0.059722
