0 0.463672 0.182639 0.033594 0.115278
0 0.539453 0.193750 0.021094 0.143056
0 0.535156 0.164583 0.034375 0.129167
0 0.837109 0.064583 0.069531 0.045833
0 0.697266 0.413194 0.019531 0.151389
0 0.534766 0.374306 0.092969 0.045833
0 0.314453 0.513194 0.069531 0.045833
0 0.183594 0.576389 0.076563 0.075000
0 0.172266 0.952778 0.030469 0.072222
0 0.145313 0.960417 0.032812 0.070833
0 0.424219 0.927083 0.092188 0.051389
0 0.408594 0.854167 0.039063 0.122222
0 0.455078 0.740972 0.027344 0.115278
0 0.403125 0.727083 0.064062 0.095833
0 0.657812 0.779861 0.071875 0.090278
0 0.754297 0.649306 0.027344 0.140278
0 0.856641 0.468750 0.092969 0.045833
0 0.850781 0.520833 0.095312 0.044444
0 0.946094 0.527083 0.085938 0.043056
0 0.864453 0.634028 0.027344 0.118056
0 0.948047 0.616667 0.035156 0.080556
0 0.959766 0.698611 0.061719 0.041667
0 0.931250 0.728472 0.078125 0.045833
0 0.926953 0.718056 0.022656 0.083333
0 0.808984 0.675694 0.064844 0.076389
0 0.766797 0.783333 0.072656 0.055556
0 0.708203 0.872222 0.017969 0.116667
0 0.724219 0.942361 0.079687 0.051389
0 0.744141 0.893750 0.036719 0.079167
0 0.733203 0.873611 0.030469 0.083333
0 0.772656 0.902778 0.010937 0.111111
0 0.780469 0.856944 0.021875 0.091667
0 0.800781 0.901389 0.017188 0.088889
0 0.805078 0.860417 0.022656 0.087500
0 0.872656 0.870139 0.018750 0.104167
0 0.838281 0.953472 0.059375 0.084722
0 0.875781 0.756944 0.023438 0.113889
0 0.905469 0.771528 0.051562 0.054167
0 0.955078 0.840278 0.036719 0.097222
0 0.896094 0.912500 0.018750 0.127778
0 0.943750 0.973611 0.045313 0.047222
