0 0.176172 0.057639 0.038281 0.087500
0 0.141406 0.127083 0.017188 0.076389
0 0.142969 0.074306 0.029687 0.059722
0 0.113672 0.175000 0.021094 0.100000
0 0.080078 0.236806 0.064844 0.023611
0 0.018750 0.143750 0.026563 0.101389
0 0.030078 0.077083 0.044531 0.090278
0 0.044141 0.116667 0.017969 0.047222
0 0.051172 0.150694 0.038281 0.073611
0 0.094141 0.086111 0.071094 0.030556
0 0.114063 0.053472 0.021875 0.079167
0 0.150391 0.232639 0.047656 0.043056
0 0.191016 0.241667 0.072656 0.052778
0 0.146875 0.226389 0.060938 0.069444
0 0.033594 0.606944 0.040625 0.133333
0 0.188281 0.468750 0.048437 0.031944
0 0.248437 0.479167 0.065625 0.025000
0 0.200781 0.409722 0.040625 0.094444
0 0.307422 0.188194 0.049219 0.081944
0 0.392578 0.164583 0.071094 0.065278
0 0.373047 0.651389 0.053906 0.094444
0 0.482031 0.582639 0.064062 0.093056
0 0.684375 0.505556 0.085938 0.058333
0 0.692578 0.605556 0.061719 0.097222
0 0.636328 0.646528 0.066406 0.090278
0 0.609375 0.865972 0.070313 0.070833
0 0.815234 0.070139 0.025781 0.051389
0 0.757813 0.081944 0.093750 0.066667
0 0.796875 0.134722 0.085938 0.019444
0 0.827734 0.109722 0.019531 0.127778
