0 0.360156 0.037500 0.021875 0.061111
0 0.393359 0.035417 0.036719 0.045833
0 0.360547 0.071528 0.044531 0.093056
0 0.345703 0.136806 0.061719 0.084722
0 0.355469 0.204167 0.042188 0.058333
0 0.475391 0.152778 0.058594 0.130556
0 0.246875 0.270833 0.053125 0.094444
0 0.091406 0.154861 0.054688 0.095833
0 0.164063 0.051389 0.025000 0.100000
0 0.241797 0.036806 0.071094 0.056944
0 0.041406 0.523611 0.075000 0.030556
0 0.033984 0.637500 0.044531 0.094444
0 0.196094 0.486111 0.034375 0.105556
0 0.218359 0.669444 0.071094 0.066667
0 0.223047 0.765278 0.030469 0.119444
0 0.012500 0.738889 0.025000 0.086111
0 0.034375 0.747222 0.048437 0.033333
0 0.064453 0.698611 0.086719 0.066667
0 0.416016 0.699306 0.044531 0.140278
0 0.382422 0.847222 0.022656 0.108333
0 0.316797 0.847222 0.072656 0.066667
0 0.260547 0.852778 0.055469 0.063889
0 0.153906 0.885417 0.089062 0.037500
0 0.042578 0.859722 0.042969 0.116667
0 0.087891 0.965278 0.027344 0.063889
0 0.130078 0.954861 0.049219 0.076389
0 0.625000 0.940972 0.026563 0.106944
0 0.721484 0.734722 0.061719 0.100000
0 0.755078 0.511111 0.033594 0.055556
0 0.748047 0.425694 0.038281 0.056944
0 0.721875 0.350694 0.075000 0.068056
0 0.846484 0.950000 0.053906 0.052778
