0 0.123438 0.134722 0.029687 0.116667
0 0.161719 0.175000 0.065625 0.030556
0 0.173828 0.087500 0.032031 0.100000
0 0.310547 0.600694 0.033594 0.137500
0 0.340625 0.851389 0.053125 0.041667
0 0.469922 0.548611 0.107031 0.027778
0 0.514063 0.129861 0.075000 0.090278
0 0.651563 0.172917 0.092188 0.045833
0 0.764063 0.023611 0.060938 0.030556
0 0.861328 0.029861 0.032031 0.056944
0 0.938281 0.058333 0.020312 0.088889
0 0.971094 0.061806 0.032812 0.079167
0 0.813281 0.302083 0.028125 0.106944
0 0.854297 0.518056 0.057031 0.116667
0 0.919141 0.756250 0.055469 0.109722
0 0.784375 0.639583 0.054688 0.093056
0 0.692187 0.573611 0.081250 0.050000
0 0.525391 0.760417 0.091406 0.054167
0 0.582031 0.925694 0.092188 0.048611
0 0.525781 0.945833 0.098438 0.041667
0 0.648438 0.972917 0.075000 0.043056
0 0.843359 0.152083 0.039844 0.026389
0 0.842969 0.239583 0.085938 0.043056
0 0.814453 0.183333 0.042969 0.063889
0 0.830078 0.156944 0.058594 0.080556
0 0.848437 0.149306 0.053125 0.109722
