0 0.500391 0.122917 0.027344 0.081944
0 0.535156 0.197917 0.028125 0.120833
0 0.552734 0.140972 0.025781 0.151389
0 0.694141 0.414583 0.027344 0.140278
0 0.537500 0.374306 0.100000 0.056944
0 0.332812 0.454861 0.064062 0.056944
0 0.322656 0.570139 0.054688 0.076389
0 0.191016 0.556944 0.064844 0.058333
0 0.196875 0.686111 0.023438 0.088889
0 0.450000 0.747917 0.017188 0.109722
0 0.408984 0.845833 0.028906 0.130556
0 0.423828 0.925694 0.086719 0.065278
0 0.522266 0.765972 0.044531 0.056944
0 0.663281 0.776389 0.073437 0.069444
0 0.748828 0.623611 0.022656 0.119444
0 0.808594 0.665972 0.060938 0.051389
0 0.853516 0.465972 0.089844 0.034722
0 0.908984 0.314583 0.047656 0.148611
0 0.932031 0.517361 0.078125 0.034722
0 0.851172 0.530556 0.074219 0.063889
0 0.866406 0.631250 0.029687 0.112500
0 0.946484 0.607639 0.030469 0.101389
0 0.944531 0.715972 0.012500 0.084722
0 0.918359 0.719444 0.050781 0.027778
0 0.874609 0.775694 0.019531 0.118056
0 0.901563 0.763194 0.060938 0.048611
0 0.948438 0.836111 0.034375 0.102778
0 0.901953 0.865972 0.022656 0.081944
0 0.804688 0.752083 0.070313 0.056944
0 0.723047 0.947917 0.074219 0.048611
0 0.710547 0.870139 0.024219 0.118056
0 0.733203 0.879167 0.030469 0.094444
0 0.746094 0.899306 0.034375 0.090278
0 0.771094 0.883333 0.028125 0.111111
0 0.798437 0.902083 0.018750 0.084722
0 0.797656 0.861806 0.025000 0.095833
0 0.868359 0.861111 0.017969 0.111111
0 0.839063 0.945139 0.067188 0.081944
0 0.900000 0.950694 0.034375 0.087500
0 0.941797 0.960417 0.039844 0.073611
0 0.989844 0.921528 0.018750 0.095833
