0 0.029687 0.058333 0.059375 0.083333
0 0.053125 0.093056 0.032812 0.088889
0 0.039063 0.154167 0.025000 0.091667
0 0.067188 0.169444 0.039063 0.063889
0 0.108594 0.098611 0.076563 0.050000
0 0.119922 0.029861 0.019531 0.048611
0 0.141016 0.040278 0.024219 0.061111
0 0.194531 0.068056 0.051562 0.105556
0 0.137500 0.163194 0.012500 0.112500
0 0.158594 0.154861 0.025000 0.093056
0 0.164453 0.151389 0.036719 0.075000
0 0.240625 0.285417 0.057813 0.090278
0 0.327734 0.217361 0.064844 0.084722
0 0.405859 0.187500 0.075781 0.069444
0 0.075391 0.663889 0.060156 0.097222
0 0.104687 0.256944 0.090625 0.030556
0 0.167187 0.255556 0.067188 0.058333
0 0.178516 0.254861 0.066406 0.079167
0 0.223828 0.425000 0.049219 0.088889
0 0.236719 0.482639 0.068750 0.043056
0 0.292969 0.503472 0.037500 0.056944
0 0.383984 0.665972 0.055469 0.120833
0 0.444141 0.656250 0.066406 0.070833
0 0.582422 0.914583 0.058594 0.095833
0 0.639844 0.651389 0.064062 0.088889
0 0.700781 0.624306 0.054688 0.112500
0 0.684375 0.524306 0.068750 0.090278
0 0.815234 0.252083 0.055469 0.098611
0 0.835547 0.141667 0.030469 0.155556
0 0.806250 0.166667 0.101563 0.038889
0 0.765625 0.105556 0.089062 0.066667
0 0.614844 0.037500 0.028125 0.061111
