0 0.246875 0.088194 0.050000 0.037500
0 0.270703 0.084722 0.072656 0.125000
0 0.049609 0.160417 0.088281 0.084722
0 0.148047 0.283333 0.069531 0.063889
0 0.053906 0.903472 0.048437 0.093056
0 0.250391 0.877083 0.019531 0.154167
0 0.323047 0.332639 0.080469 0.056944
0 0.431641 0.119444 0.102344 0.069444
0 0.601563 0.107639 0.028125 0.129167
0 0.591797 0.285417 0.117969 0.040278
0 0.527734 0.420139 0.110156 0.045833
0 0.731641 0.565972 0.033594 0.137500
0 0.836328 0.516667 0.047656 0.047222
0 0.853516 0.659722 0.027344 0.138889
0 0.839453 0.740972 0.089844 0.062500
0 0.640234 0.915278 0.028906 0.147222
0 0.610156 0.917361 0.057813 0.112500
0 0.719922 0.929861 0.102344 0.059722
0 0.759375 0.975000 0.107813 0.030556
