0 0.210938 0.205556 0.053125 0.094444
0 0.710938 0.111111 0.100000 0.063889
0 0.882813 0.426389 0.025000 0.144444
0 0.960156 0.652083 0.032812 0.137500
0 0.819922 0.480556 0.061719 0.077778
0 0.646484 0.586806 0.071094 0.043056
0 0.612109 0.793056 0.075781 0.047222
0 0.409766 0.574306 0.052344 0.098611
0 0.357422 0.649306 0.019531 0.140278
0 0.435156 0.686806 0.090625 0.045833
0 0.469141 0.856250 0.024219 0.129167
0 0.440625 0.863194 0.048437 0.093056
0 0.392969 0.829167 0.067188 0.072222
0 0.346484 0.737500 0.041406 0.108333
0 0.287500 0.653472 0.048437 0.109722
0 0.257031 0.706944 0.021875 0.119444
0 0.765234 0.886111 0.092969 0.055556
0 0.900391 0.943056 0.033594 0.100000
0 0.767969 0.977083 0.096875 0.034722
