0 0.200781 0.047917 0.037500 0.079167
0 0.272656 0.028472 0.082813 0.043056
0 0.386328 0.079167 0.046094 0.088889
0 0.420703 0.039583 0.030469 0.048611
0 0.389453 0.039583 0.044531 0.062500
0 0.485938 0.113194 0.056250 0.093056
0 0.466406 0.196528 0.060938 0.059722
0 0.441406 0.275694 0.031250 0.054167
0 0.286719 0.234028 0.035937 0.115278
0 0.145703 0.152778 0.063281 0.086111
0 0.041797 0.295833 0.046094 0.111111
0 0.226563 0.462500 0.040625 0.113889
0 0.733594 0.361806 0.059375 0.076389
0 0.805859 0.542361 0.064844 0.059722
0 0.747266 0.700000 0.060156 0.113889
0 0.767578 0.426389 0.032031 0.069444
0 0.634766 0.913194 0.028906 0.120833
0 0.446484 0.679167 0.030469 0.111111
0 0.402734 0.811806 0.021094 0.098611
0 0.233203 0.650000 0.042969 0.102778
0 0.060156 0.506944 0.084375 0.041667
0 0.076172 0.597222 0.041406 0.105556
0 0.082422 0.705556 0.017969 0.091667
0 0.059766 0.704167 0.067969 0.036111
0 0.080078 0.813889 0.041406 0.100000
0 0.059766 0.766667 0.000781 0.005556
0 0.058594 0.764583 0.001563 0.001389
0 0.038281 0.752083 0.053125 0.045833
0 0.008594 0.743056 0.021875 0.138889
0 0.034375 0.852778 0.026563 0.094444
0 0.030078 0.947222 0.025781 0.086111
0 0.059375 0.949306 0.048437 0.076389
0 0.089844 0.965972 0.015625 0.043056
0 0.127734 0.903472 0.033594 0.079167
0 0.162109 0.912500 0.027344 0.083333
0 0.181641 0.918056 0.016406 0.100000
0 0.217187 0.868750 0.059375 0.020833
0 0.260938 0.754861 0.032812 0.095833
0 0.290625 0.799306 0.067188 0.079167
0 0.346484 0.806250 0.058594 0.048611
0 0.229297 0.956250 0.032031 0.062500
0 0.760156 0.976389 0.048437 0.041667
