0 0.067188 0.449306 0.064062 0.056944
0 0.046875 0.134722 0.068750 0.063889
0 0.113281 0.065278 0.023438 0.100000
0 0.169922 0.051389 0.075781 0.033333
0 0.237500 0.096528 0.045313 0.073611
0 0.269922 0.083333 0.016406 0.133333
0 0.303125 0.087500 0.028125 0.116667
0 0.395703 0.180556 0.064844 0.127778
0 0.145703 0.273611 0.089844 0.058333
0 0.228125 0.255556 0.098438 0.025000
0 0.207422 0.309722 0.042969 0.113889
0 0.235547 0.350000 0.091406 0.036111
0 0.225391 0.418056 0.066406 0.086111
0 0.282031 0.531944 0.096875 0.038889
0 0.222656 0.506944 0.039063 0.069444
0 0.253906 0.631944 0.070313 0.066667
0 0.219141 0.669444 0.064844 0.077778
0 0.332422 0.728472 0.032031 0.118056
0 0.350391 0.748611 0.074219 0.072222
0 0.409766 0.821528 0.074219 0.045833
0 0.385156 0.904167 0.057813 0.044444
0 0.347266 0.442361 0.025781 0.106944
0 0.322266 0.444444 0.019531 0.094444
0 0.321875 0.490972 0.046875 0.062500
0 0.490625 0.768750 0.085938 0.031944
0 0.511328 0.823611 0.055469 0.100000
0 0.594531 0.795139 0.087500 0.051389
0 0.492188 0.454861 0.028125 0.140278
0 0.534375 0.524306 0.037500 0.140278
0 0.610156 0.554861 0.087500 0.040278
0 0.632813 0.609722 0.043750 0.075000
0 0.601563 0.537500 0.064062 0.050000
0 0.598437 0.292361 0.032812 0.137500
0 0.550000 0.197917 0.037500 0.123611
0 0.576172 0.058333 0.035156 0.091667
0 0.630078 0.043750 0.044531 0.068056
0 0.652344 0.100000 0.092188 0.030556
0 0.498828 0.031944 0.022656 0.080556
0 0.681250 0.267361 0.073437 0.081944
0 0.741406 0.499306 0.025000 0.104167
0 0.778906 0.711111 0.082813 0.050000
0 0.691406 0.960417 0.035937 0.054167
0 0.614062 0.919444 0.059375 0.083333
0 0.588672 0.854861 0.071094 0.059722
0 0.557031 0.943750 0.060938 0.079167
0 0.698438 0.093056 0.023438 0.113889
0 0.739844 0.070139 0.068750 0.062500
0 0.754297 0.039583 0.019531 0.065278
0 0.746094 0.119444 0.076563 0.033333
0 0.788672 0.155556 0.017969 0.108333
0 0.794531 0.076389 0.012500 0.091667
0 0.800781 0.134028 0.021875 0.081944
0 0.823047 0.181250 0.036719 0.098611
0 0.812109 0.082639 0.050781 0.065278
0 0.857813 0.150000 0.020312 0.108333
0 0.857031 0.056250 0.051562 0.095833
0 0.880859 0.040972 0.041406 0.068056
0 0.989453 0.103472 0.017969 0.084722
0 0.945313 0.036111 0.040625 0.058333
0 0.977734 0.036111 0.032031 0.047222
0 0.905859 0.163889 0.028906 0.080556
0 0.940234 0.168750 0.053906 0.034722
0 0.961719 0.175694 0.062500 0.037500
0 0.973437 0.193750 0.043750 0.051389
0 0.975000 0.243750 0.043750 0.068056
0 0.958594 0.283333 0.046875 0.094444
0 0.936719 0.215278 0.029687 0.050000
0 0.906250 0.228472 0.037500 0.045833
0 0.889063 0.190278 0.062500 0.036111
0 0.910156 0.260417 0.035937 0.062500
0 0.896875 0.332639 0.059375 0.084722
0 0.940234 0.394444 0.030469 0.111111
0 0.960547 0.343750 0.069531 0.079167
0 0.890234 0.266667 0.041406 0.075000
0 0.861719 0.257639 0.051562 0.045833
0 0.926562 0.509722 0.023438 0.052778
0 0.917969 0.518750 0.107813 0.040278
0 0.945313 0.600000 0.043750 0.102778
0 0.983594 0.594444 0.025000 0.138889
0 0.855859 0.959028 0.052344 0.056944
