0 0.651172 0.070139 0.085156 0.068056
0 0.350391 0.155556 0.060156 0.091667
0 0.454688 0.272917 0.034375 0.143056
0 0.508594 0.387500 0.037500 0.108333
0 0.572266 0.240278 0.092969 0.044444
0 0.507031 0.173611 0.039063 0.125000
0 0.530078 0.201389 0.091406 0.044444
0 0.641797 0.347222 0.017969 0.138889
0 0.359766 0.273611 0.074219 0.036111
0 0.394141 0.386111 0.077344 0.038889
0 0.322266 0.365972 0.055469 0.076389
0 0.361719 0.353472 0.057813 0.084722
0 0.428125 0.404167 0.065625 0.052778
0 0.408203 0.462500 0.038281 0.075000
0 0.456641 0.462500 0.044531 0.086111
0 0.312500 0.531944 0.021875 0.108333
0 0.303125 0.507639 0.064062 0.029167
0 0.260547 0.509722 0.033594 0.119444
0 0.223047 0.549306 0.049219 0.029167
0 0.138281 0.683333 0.037500 0.063889
0 0.212891 0.779861 0.061719 0.068056
0 0.289063 0.762500 0.059375 0.063889
0 0.353906 0.691667 0.059375 0.030556
0 0.375000 0.659028 0.053125 0.048611
0 0.428516 0.736806 0.027344 0.076389
0 0.383203 0.797222 0.088281 0.047222
0 0.482422 0.915972 0.025781 0.115278
0 0.301953 0.895139 0.067969 0.031944
0 0.287500 0.961111 0.021875 0.055556
0 0.262500 0.954861 0.025000 0.079167
0 0.217969 0.967361 0.021875 0.040278
0 0.162891 0.943056 0.069531 0.033333
0 0.111719 0.950694 0.012500 0.084722
0 0.600391 0.934028 0.039844 0.076389
0 0.553906 0.946528 0.035937 0.093056
0 0.627734 0.986806 0.083594 0.018056
0 0.841406 0.191667 0.078125 0.038889
0 0.863672 0.270833 0.032031 0.125000
0 0.826953 0.334722 0.016406 0.138889
0 0.774609 0.397917 0.067969 0.070833
0 0.780469 0.177778 0.056250 0.069444
0 0.772266 0.106250 0.075781 0.079167
0 0.871875 0.044444 0.026563 0.061111
0 0.961719 0.110417 0.064062 0.031944
0 0.976172 0.088194 0.014844 0.104167
0 0.909375 0.408333 0.092188 0.047222
0 0.973047 0.441667 0.050781 0.097222
0 0.931250 0.535417 0.057813 0.079167
0 0.946875 0.637500 0.064062 0.077778
0 0.746484 0.506944 0.019531 0.113889
0 0.716797 0.650000 0.022656 0.125000
0 0.743359 0.570833 0.075781 0.041667
0 0.708203 0.563194 0.044531 0.098611
0 0.899219 0.750694 0.082813 0.034722
0 0.931641 0.793750 0.049219 0.084722
0 0.866016 0.854167 0.078906 0.063889
0 0.963281 0.880556 0.071875 0.025000
0 0.944531 0.898611 0.051562 0.050000
0 0.921094 0.915278 0.053125 0.058333
0 0.912500 0.922917 0.070313 0.070833
0 0.706250 0.836111 0.084375 0.036111
0 0.722266 0.898611 0.022656 0.122222
0 0.761719 0.954861 0.018750 0.056944
0 0.838672 0.926389 0.042969 0.072222
0 0.821094 0.949306 0.057813 0.076389
0 0.707812 0.959028 0.050000 0.056944
0 0.676953 0.960417 0.025781 0.043056
