0 0.025781 0.092361 0.035937 0.079167
0 0.010156 0.142361 0.040625 0.023611
0 0.022266 0.160417 0.035156 0.031944
0 0.018359 0.227083 0.030469 0.054167
0 0.053906 0.260417 0.037500 0.115278
0 0.175000 0.066667 0.067188 0.058333
0 0.262891 0.063889 0.097656 0.027778
0 0.353906 0.101389 0.095312 0.044444
0 0.128125 0.195833 0.079687 0.075000
0 0.212891 0.201389 0.077344 0.055556
0 0.129297 0.292361 0.033594 0.090278
0 0.127344 0.277778 0.073437 0.052778
0 0.106250 0.328472 0.028125 0.106944
0 0.140234 0.352083 0.085156 0.056944
0 0.194141 0.415972 0.082031 0.051389
0 0.170312 0.482639 0.071875 0.098611
0 0.013672 0.566667 0.021094 0.136111
0 0.040234 0.840972 0.042969 0.104167
0 0.123828 0.906250 0.038281 0.151389
0 0.333594 0.747917 0.043750 0.123611
0 0.523047 0.151389 0.061719 0.083333
0 0.458594 0.244444 0.101563 0.041667
0 0.417188 0.330556 0.028125 0.108333
0 0.367969 0.412500 0.054688 0.119444
0 0.320703 0.363194 0.053906 0.123611
0 0.462500 0.378472 0.057813 0.081944
0 0.548828 0.412500 0.067969 0.111111
0 0.776953 0.044444 0.027344 0.088889
0 0.856250 0.134028 0.031250 0.040278
0 0.887500 0.156250 0.028125 0.098611
0 0.907031 0.055556 0.031250 0.052778
0 0.825391 0.259028 0.097656 0.037500
0 0.867578 0.374306 0.021094 0.059722
0 0.872266 0.538194 0.036719 0.112500
0 0.807813 0.740278 0.070313 0.038889
0 0.819922 0.355556 0.050781 0.094444
0 0.761328 0.355556 0.077344 0.086111
0 0.730859 0.403472 0.111719 0.031944
0 0.715625 0.440278 0.073437 0.047222
0 0.733203 0.525694 0.080469 0.070833
0 0.667188 0.529167 0.073437 0.058333
0 0.673437 0.532639 0.051562 0.123611
0 0.665625 0.650694 0.026563 0.129167
0 0.641016 0.659722 0.058594 0.033333
0 0.613281 0.663889 0.064062 0.113889
0 0.662891 0.768056 0.019531 0.125000
0 0.677734 0.759722 0.083594 0.063889
0 0.632422 0.782639 0.046094 0.104167
0 0.611328 0.852083 0.089844 0.054167
0 0.507422 0.570139 0.108594 0.034722
0 0.545313 0.688889 0.078125 0.038889
0 0.548437 0.765972 0.053125 0.098611
0 0.480469 0.725694 0.051562 0.109722
0 0.503125 0.882639 0.021875 0.129167
0 0.533984 0.934722 0.053906 0.094444
0 0.487891 0.931250 0.074219 0.068056
