0 0.086328 0.085417 0.021094 0.087500
0 0.078906 0.106250 0.064062 0.040278
0 0.036719 0.420139 0.064062 0.043056
0 0.093359 0.445833 0.047656 0.091667
0 0.044922 0.558333 0.061719 0.086111
0 0.058594 0.662500 0.056250 0.066667
0 0.029687 0.768750 0.054688 0.040278
0 0.039844 0.818750 0.043750 0.068056
0 0.128516 0.794444 0.032031 0.127778
0 0.194922 0.765278 0.086719 0.044444
0 0.153516 0.398611 0.041406 0.100000
0 0.174219 0.436111 0.067188 0.066667
0 0.228125 0.208333 0.051562 0.136111
0 0.307031 0.214583 0.081250 0.062500
0 0.389844 0.302083 0.071875 0.034722
0 0.432813 0.288889 0.018750 0.100000
0 0.453516 0.268056 0.052344 0.061111
0 0.464063 0.353472 0.014062 0.131944
0 0.500781 0.365278 0.026563 0.141667
0 0.521875 0.491667 0.031250 0.127778
0 0.439844 0.484722 0.021875 0.097222
0 0.453906 0.552083 0.067188 0.081944
0 0.380859 0.772917 0.063281 0.098611
0 0.302344 0.761806 0.081250 0.081944
0 0.187500 0.938889 0.051562 0.102778
0 0.303125 0.877778 0.070313 0.052778
0 0.083203 0.917361 0.091406 0.026389
0 0.058984 0.925694 0.071094 0.056944
0 0.033984 0.949306 0.061719 0.048611
0 0.417188 0.898611 0.057813 0.080556
0 0.465625 0.902083 0.023438 0.101389
0 0.469922 0.845139 0.066406 0.101389
0 0.585547 0.715278 0.082031 0.083333
0 0.600391 0.586111 0.072656 0.086111
0 0.598047 0.380556 0.030469 0.100000
0 0.637109 0.279167 0.033594 0.122222
0 0.699219 0.406944 0.037500 0.136111
0 0.555859 0.179861 0.088281 0.043056
0 0.517187 0.210417 0.023438 0.087500
0 0.591797 0.256250 0.025781 0.090278
0 0.553906 0.293056 0.075000 0.047222
0 0.579687 0.234028 0.060938 0.076389
0 0.414063 0.202778 0.068750 0.044444
0 0.335938 0.150000 0.050000 0.041667
0 0.281250 0.125000 0.065625 0.077778
0 0.297266 0.138194 0.074219 0.059722
0 0.340234 0.042361 0.069531 0.065278
0 0.442969 0.063194 0.062500 0.040278
0 0.382031 0.064583 0.056250 0.073611
0 0.386328 0.111111 0.064844 0.061111
0 0.839453 0.484722 0.039844 0.061111
0 0.904688 0.522917 0.034375 0.123611
0 0.823047 0.608333 0.061719 0.136111
0 0.786328 0.547222 0.044531 0.063889
0 0.735937 0.584028 0.037500 0.118056
0 0.676172 0.584028 0.082031 0.070833
0 0.698438 0.662500 0.037500 0.080556
0 0.721094 0.715278 0.023438 0.116667
0 0.673828 0.806944 0.057031 0.072222
0 0.762891 0.795833 0.091406 0.027778
0 0.745703 0.739583 0.013281 0.137500
0 0.785547 0.743056 0.069531 0.072222
0 0.835938 0.822917 0.073437 0.059722
0 0.866797 0.686806 0.041406 0.045833
0 0.766016 0.936111 0.027344 0.100000
0 0.791406 0.958333 0.012500 0.072222
0 0.806641 0.936806 0.078906 0.073611
0 0.838281 0.938889 0.040625 0.086111
0 0.873047 0.920833 0.036719 0.038889
0 0.872656 0.959722 0.037500 0.058333
