0 0.066016 0.450000 0.078906 0.066667
0 0.141016 0.276389 0.086719 0.088889
0 0.045703 0.143750 0.069531 0.065278
0 0.116406 0.072917 0.025000 0.101389
0 0.167578 0.057639 0.069531 0.045833
0 0.237109 0.111806 0.047656 0.079167
0 0.262891 0.094444 0.024219 0.116667
0 0.303125 0.019444 0.065625 0.036111
0 0.296094 0.095139 0.028125 0.076389
0 0.236719 0.265278 0.082813 0.022222
0 0.209375 0.322917 0.028125 0.115278
0 0.237109 0.361806 0.086719 0.040278
0 0.216016 0.422222 0.071094 0.097222
0 0.221484 0.520833 0.036719 0.072222
0 0.275391 0.540278 0.072656 0.050000
0 0.314844 0.440278 0.023438 0.086111
0 0.337500 0.447917 0.017188 0.090278
0 0.323438 0.504861 0.034375 0.076389
0 0.247656 0.634722 0.057813 0.044444
0 0.228906 0.677083 0.062500 0.059722
0 0.326562 0.735417 0.028125 0.098611
0 0.340234 0.743056 0.069531 0.083333
0 0.392969 0.202083 0.062500 0.101389
0 0.480859 0.474306 0.021094 0.129167
0 0.403906 0.822917 0.081250 0.045833
0 0.485547 0.768750 0.075781 0.026389
0 0.507031 0.810417 0.042188 0.070833
0 0.586719 0.797222 0.085938 0.050000
0 0.574219 0.860417 0.081250 0.048611
0 0.605859 0.913889 0.042969 0.080556
0 0.546094 0.950694 0.056250 0.079167
0 0.378516 0.901389 0.052344 0.041667
0 0.676172 0.952778 0.036719 0.072222
0 0.763281 0.715278 0.089062 0.047222
0 0.730859 0.507639 0.025781 0.115278
0 0.591016 0.300694 0.022656 0.123611
0 0.542188 0.219444 0.028125 0.108333
0 0.495313 0.043750 0.021875 0.076389
0 0.565234 0.063194 0.035156 0.090278
0 0.614062 0.045139 0.035937 0.073611
0 0.635547 0.110417 0.085156 0.056944
0 0.527734 0.534028 0.036719 0.112500
0 0.581250 0.545139 0.060938 0.037500
0 0.610547 0.566667 0.058594 0.047222
0 0.614844 0.611111 0.039063 0.097222
0 0.658594 0.282639 0.050000 0.081944
0 0.694141 0.102778 0.025781 0.102778
0 0.719531 0.083333 0.051562 0.063889
0 0.737891 0.050000 0.025781 0.075000
0 0.727344 0.130556 0.059375 0.041667
0 0.773438 0.163889 0.020312 0.097222
0 0.782422 0.087500 0.014844 0.086111
0 0.805078 0.078472 0.036719 0.065278
0 0.782422 0.144444 0.021094 0.113889
0 0.813281 0.192361 0.035937 0.076389
0 0.840625 0.059028 0.045313 0.081944
0 0.865234 0.056250 0.041406 0.087500
0 0.839844 0.160417 0.012500 0.098611
0 0.843750 0.263194 0.039063 0.037500
0 0.880078 0.285417 0.044531 0.065278
0 0.896484 0.238194 0.021094 0.040278
0 0.891797 0.165972 0.024219 0.079167
0 0.978906 0.126389 0.034375 0.094444
0 0.926172 0.176389 0.044531 0.038889
0 0.869922 0.197917 0.041406 0.048611
0 0.936719 0.286111 0.042188 0.094444
0 0.965625 0.261806 0.051562 0.073611
0 0.964063 0.215278 0.037500 0.086111
0 0.944141 0.354167 0.060156 0.066667
0 0.930078 0.406944 0.021094 0.094444
0 0.887500 0.345833 0.054688 0.058333
0 0.906641 0.520833 0.092969 0.061111
0 0.930859 0.604167 0.042969 0.094444
0 0.966797 0.600000 0.017969 0.133333
0 0.846875 0.956250 0.059375 0.054167
