0 0.351953 0.158333 0.066406 0.088889
0 0.352734 0.272917 0.077344 0.037500
0 0.453125 0.279861 0.025000 0.120833
0 0.504297 0.381250 0.035156 0.093056
0 0.453906 0.470833 0.048437 0.055556
0 0.412891 0.472222 0.038281 0.063889
0 0.416797 0.415278 0.074219 0.050000
0 0.321875 0.379861 0.051562 0.065278
0 0.360547 0.339583 0.057031 0.068056
0 0.393750 0.377083 0.078125 0.029167
0 0.314844 0.531250 0.028125 0.106944
0 0.294922 0.510417 0.047656 0.034722
0 0.261719 0.511111 0.042188 0.116667
0 0.223828 0.540972 0.042969 0.043056
0 0.143359 0.689583 0.030469 0.048611
0 0.216797 0.784722 0.058594 0.066667
0 0.288281 0.774306 0.050000 0.095833
0 0.356250 0.700000 0.073437 0.041667
0 0.379297 0.654167 0.057031 0.022222
0 0.437109 0.743750 0.039844 0.059722
0 0.381641 0.788194 0.083594 0.059722
0 0.296484 0.892361 0.053906 0.037500
0 0.282813 0.965278 0.025000 0.063889
0 0.261328 0.951389 0.022656 0.083333
0 0.218359 0.959028 0.025781 0.054167
0 0.164844 0.938194 0.062500 0.040278
0 0.116016 0.946528 0.017969 0.073611
0 0.481250 0.901389 0.025000 0.113889
0 0.569922 0.239583 0.083594 0.045833
0 0.503125 0.171528 0.034375 0.123611
0 0.525391 0.204167 0.080469 0.041667
0 0.648828 0.068056 0.075781 0.080556
0 0.776953 0.179167 0.047656 0.066667
0 0.839063 0.192361 0.067188 0.045833
0 0.769141 0.113889 0.080469 0.047222
0 0.638672 0.338889 0.016406 0.127778
0 0.815625 0.331944 0.021875 0.119444
0 0.772266 0.401389 0.052344 0.063889
0 0.855469 0.274306 0.029687 0.115278
0 0.905469 0.407639 0.100000 0.040278
0 0.980469 0.452083 0.032812 0.079167
0 0.975000 0.095833 0.017188 0.088889
0 0.958203 0.113194 0.082031 0.045833
0 0.873828 0.044444 0.030469 0.050000
0 0.920703 0.528472 0.055469 0.098611
0 0.940234 0.631250 0.066406 0.062500
0 0.898828 0.750000 0.077344 0.038889
0 0.741406 0.509028 0.017188 0.120833
0 0.717188 0.633333 0.026563 0.080556
0 0.709766 0.561806 0.036719 0.065278
0 0.737109 0.563194 0.069531 0.040278
0 0.596484 0.930556 0.041406 0.069444
0 0.549219 0.943750 0.040625 0.079167
0 0.620313 0.983333 0.095312 0.019444
0 0.712891 0.823611 0.085156 0.027778
0 0.716797 0.905556 0.022656 0.122222
0 0.960938 0.873611 0.073437 0.055556
0 0.926172 0.787500 0.047656 0.097222
0 0.871875 0.853472 0.076563 0.056944
0 0.908984 0.923611 0.042969 0.044444
0 0.936328 0.906250 0.044531 0.051389
0 0.934375 0.928472 0.034375 0.034722
0 0.837500 0.925000 0.046875 0.072222
0 0.815625 0.941667 0.059375 0.069444
0 0.757422 0.961806 0.019531 0.070833
0 0.705078 0.959722 0.050781 0.055556
0 0.676172 0.954861 0.025781 0.056944
