0 0.025000 0.092361 0.037500 0.093056
0 0.018359 0.234722 0.025781 0.066667
0 0.046484 0.253472 0.041406 0.090278
0 0.123438 0.186806 0.068750 0.056944
0 0.199219 0.188194 0.073437 0.054167
0 0.262500 0.063194 0.087500 0.034722
0 0.166797 0.065278 0.071094 0.058333
0 0.352734 0.096528 0.086719 0.051389
0 0.124609 0.279167 0.024219 0.083333
0 0.123438 0.275000 0.064062 0.061111
0 0.104297 0.325000 0.027344 0.086111
0 0.145703 0.340972 0.069531 0.051389
0 0.194922 0.406944 0.071094 0.063889
0 0.172266 0.476389 0.069531 0.083333
0 0.010547 0.591667 0.027344 0.150000
0 0.038672 0.837500 0.042969 0.088889
0 0.119531 0.895833 0.050000 0.130556
0 0.333984 0.726389 0.041406 0.105556
0 0.367578 0.413889 0.049219 0.105556
0 0.327344 0.350694 0.065625 0.106944
0 0.410547 0.329861 0.019531 0.126389
0 0.458984 0.244444 0.105469 0.055556
0 0.525391 0.161806 0.055469 0.093056
0 0.556250 0.406944 0.062500 0.108333
0 0.462109 0.383333 0.058594 0.072222
0 0.508594 0.563889 0.110937 0.038889
0 0.482812 0.727083 0.043750 0.109722
0 0.543750 0.689583 0.064062 0.048611
0 0.539453 0.756944 0.039844 0.083333
0 0.500781 0.887500 0.015625 0.130556
0 0.529297 0.924306 0.047656 0.079167
0 0.485547 0.931944 0.061719 0.061111
0 0.605859 0.843750 0.083594 0.040278
0 0.628516 0.774306 0.041406 0.123611
0 0.658594 0.764583 0.021875 0.129167
0 0.683594 0.727778 0.059375 0.075000
0 0.673047 0.645833 0.041406 0.108333
0 0.612109 0.670139 0.071094 0.084722
0 0.644141 0.660417 0.061719 0.051389
0 0.801562 0.725694 0.082813 0.034722
0 0.864453 0.545833 0.035156 0.094444
0 0.866406 0.367361 0.031250 0.070833
0 0.819141 0.376389 0.049219 0.127778
0 0.828125 0.259722 0.095312 0.044444
0 0.736719 0.525000 0.076563 0.080556
0 0.667188 0.513194 0.035937 0.087500
0 0.666797 0.531944 0.067969 0.047222
0 0.716797 0.445833 0.069531 0.050000
0 0.726953 0.409722 0.103906 0.036111
0 0.766406 0.356944 0.071875 0.052778
0 0.887109 0.153472 0.017969 0.101389
0 0.865234 0.137500 0.033594 0.047222
0 0.911328 0.069444 0.035156 0.083333
0 0.772266 0.046528 0.035156 0.076389
