0 0.105469 0.083333 0.015625 0.097222
0 0.090234 0.105556 0.080469 0.025000
0 0.047266 0.413194 0.083594 0.034722
0 0.105469 0.468750 0.032812 0.076389
0 0.057813 0.539583 0.051562 0.084722
0 0.073047 0.645139 0.053906 0.079167
0 0.138672 0.784722 0.027344 0.113889
0 0.205078 0.749306 0.082031 0.037500
0 0.035937 0.761111 0.059375 0.038889
0 0.060156 0.801389 0.045313 0.086111
0 0.016797 0.868750 0.033594 0.043056
0 0.097266 0.896528 0.083594 0.037500
0 0.069531 0.915278 0.054688 0.050000
0 0.046875 0.935417 0.046875 0.037500
0 0.040625 0.934722 0.043750 0.061111
0 0.198828 0.919444 0.046094 0.111111
0 0.310937 0.732639 0.060938 0.090278
0 0.397266 0.762500 0.055469 0.094444
0 0.166406 0.395139 0.043750 0.101389
0 0.199609 0.439583 0.072656 0.065278
0 0.240625 0.206944 0.040625 0.119444
0 0.319141 0.214583 0.077344 0.065278
0 0.397266 0.300000 0.078906 0.036111
0 0.433984 0.283333 0.021094 0.108333
0 0.467969 0.264583 0.046875 0.051389
0 0.471094 0.355556 0.021875 0.127778
0 0.506641 0.365278 0.027344 0.138889
0 0.528906 0.477778 0.023438 0.125000
0 0.346484 0.050694 0.080469 0.059722
0 0.347656 0.151389 0.051562 0.041667
0 0.292578 0.128472 0.058594 0.076389
0 0.307031 0.124306 0.068750 0.054167
0 0.452344 0.084028 0.065625 0.045833
0 0.407031 0.049306 0.053125 0.054167
0 0.398438 0.111111 0.060938 0.077778
0 0.421094 0.193750 0.051562 0.048611
0 0.569141 0.179861 0.077344 0.031944
0 0.525781 0.197222 0.028125 0.127778
0 0.554688 0.288889 0.057813 0.041667
0 0.605469 0.372222 0.035937 0.102778
0 0.641797 0.271528 0.047656 0.095833
0 0.591406 0.274306 0.026563 0.068056
0 0.592188 0.219444 0.073437 0.044444
0 0.697266 0.397222 0.030469 0.155556
0 0.910156 0.512500 0.029687 0.133333
0 0.840234 0.475694 0.042969 0.079167
0 0.792188 0.562500 0.043750 0.088889
0 0.826953 0.580556 0.041406 0.111111
0 0.868359 0.675694 0.038281 0.034722
0 0.740625 0.575000 0.029687 0.125000
0 0.695313 0.579861 0.078125 0.056944
0 0.698047 0.638889 0.046094 0.102778
0 0.727734 0.688889 0.035156 0.097222
0 0.746875 0.710417 0.026563 0.118056
0 0.792969 0.708333 0.060938 0.061111
0 0.768359 0.775694 0.096094 0.018056
0 0.683203 0.800694 0.061719 0.076389
0 0.591797 0.685417 0.067969 0.076389
0 0.604297 0.580556 0.061719 0.083333
0 0.448438 0.474306 0.020312 0.081944
0 0.460156 0.529167 0.076563 0.108333
0 0.470703 0.865278 0.014844 0.088889
0 0.478906 0.820139 0.057813 0.093056
0 0.427734 0.875000 0.055469 0.091667
0 0.321875 0.858333 0.059375 0.052778
0 0.843750 0.802778 0.068750 0.080556
0 0.874219 0.907639 0.037500 0.037500
0 0.869141 0.960417 0.044531 0.073611
0 0.836719 0.923611 0.035937 0.088889
0 0.791797 0.945139 0.021094 0.076389
0 0.768750 0.908333 0.029687 0.097222
0 0.803906 0.908333 0.043750 0.061111
