0 0.646484 0.101389 0.094531 0.033333
0 0.623438 0.036806 0.046875 0.073611
0 0.573047 0.064583 0.033594 0.104167
0 0.704297 0.081944 0.021094 0.116667
0 0.740625 0.081250 0.053125 0.065278
0 0.750391 0.041667 0.019531 0.072222
0 0.747266 0.129861 0.069531 0.031944
0 0.784766 0.157639 0.021094 0.095833
0 0.791016 0.070833 0.014844 0.086111
0 0.816406 0.068056 0.026563 0.052778
0 0.799609 0.147917 0.022656 0.095833
0 0.823438 0.186806 0.034375 0.070833
0 0.848437 0.152778 0.020312 0.125000
0 0.852734 0.054167 0.055469 0.066667
0 0.881641 0.045139 0.032031 0.065278
0 0.944531 0.036806 0.037500 0.068056
0 0.985156 0.112500 0.018750 0.075000
0 0.903516 0.163194 0.027344 0.084722
0 0.939062 0.170833 0.045313 0.050000
0 0.955078 0.183333 0.060156 0.036111
0 0.971094 0.207639 0.031250 0.048611
0 0.973437 0.250694 0.043750 0.062500
0 0.950391 0.270139 0.042969 0.081944
0 0.943359 0.226389 0.028906 0.050000
0 0.905078 0.243750 0.027344 0.076389
0 0.892969 0.324306 0.059375 0.073611
0 0.937891 0.397222 0.022656 0.119444
0 0.961328 0.352778 0.064844 0.072222
0 0.854688 0.261806 0.051562 0.045833
0 0.885938 0.263889 0.021875 0.050000
0 0.913672 0.519444 0.089844 0.061111
0 0.946094 0.595833 0.040625 0.088889
0 0.978516 0.612500 0.025781 0.147222
0 0.675391 0.283333 0.067969 0.094444
0 0.738281 0.513889 0.034375 0.122222
0 0.772656 0.710417 0.084375 0.045833
0 0.853516 0.961111 0.036719 0.041667
0 0.691797 0.958333 0.042969 0.055556
0 0.547656 0.192361 0.031250 0.123611
0 0.595312 0.286111 0.039063 0.122222
0 0.531641 0.526389 0.039844 0.119444
0 0.492578 0.468750 0.033594 0.126389
0 0.390234 0.198611 0.055469 0.122222
0 0.621875 0.592361 0.025000 0.081944
0 0.617188 0.559028 0.060938 0.037500
0 0.592969 0.541667 0.071875 0.033333
0 0.294531 0.086111 0.037500 0.100000
0 0.266797 0.078472 0.019531 0.109722
0 0.235938 0.095139 0.032812 0.081944
0 0.171484 0.054861 0.067969 0.048611
0 0.118359 0.081944 0.013281 0.122222
0 0.046094 0.132639 0.064062 0.073611
0 0.143359 0.267361 0.083594 0.073611
0 0.229687 0.255556 0.104687 0.038889
0 0.211719 0.304861 0.032812 0.065278
0 0.229687 0.348611 0.084375 0.050000
0 0.222656 0.417361 0.070313 0.079167
0 0.066797 0.455556 0.060156 0.058333
0 0.281250 0.527778 0.071875 0.061111
0 0.225000 0.521528 0.042188 0.065278
0 0.248047 0.609028 0.055469 0.054167
0 0.223438 0.667361 0.071875 0.081944
0 0.321875 0.436111 0.015625 0.108333
0 0.339453 0.435417 0.016406 0.109722
0 0.325781 0.496528 0.034375 0.070833
0 0.329297 0.740972 0.025781 0.123611
0 0.337109 0.734722 0.082031 0.063889
0 0.497656 0.768750 0.085938 0.031944
0 0.406250 0.818056 0.087500 0.038889
0 0.375391 0.905556 0.049219 0.055556
0 0.588672 0.793750 0.083594 0.034722
0 0.495703 0.034722 0.016406 0.063889
0 0.580859 0.849306 0.080469 0.062500
0 0.610156 0.915278 0.060938 0.072222
0 0.507031 0.826389 0.048437 0.075000
0 0.553125 0.966667 0.060938 0.075000
