0 0.908594 0.038194 0.112500 0.051389
0 0.737109 0.123611 0.016406 0.147222
0 0.578516 0.140972 0.107031 0.079167
0 0.696094 0.347917 0.039063 0.156944
0 0.828516 0.304861 0.027344 0.156944
0 0.926953 0.429861 0.050781 0.123611
0 0.205469 0.244444 0.096875 0.055556
0 0.250391 0.302778 0.105469 0.044444
0 0.395703 0.534722 0.071094 0.111111
0 0.323438 0.694444 0.046875 0.127778
0 0.128906 0.469444 0.050000 0.155556
0 0.155078 0.765278 0.064844 0.133333
0 0.014062 0.777778 0.020312 0.172222
0 0.671094 0.745833 0.079687 0.138889
0 0.673437 0.897222 0.110937 0.063889
