0 0.098047 0.068056 0.030469 0.108333
0 0.707812 0.102083 0.100000 0.062500
0 0.328125 0.594444 0.037500 0.125000
0 0.314063 0.761806 0.042188 0.109722
0 0.206250 0.559028 0.071875 0.112500
0 0.160938 0.505556 0.073437 0.088889
0 0.419922 0.710417 0.094531 0.051389
0 0.387109 0.877083 0.066406 0.068056
0 0.423047 0.902083 0.046094 0.129167
0 0.433594 0.863194 0.076563 0.093056
0 0.528125 0.900694 0.045313 0.118056
0 0.551172 0.881944 0.032031 0.127778
0 0.773438 0.428472 0.039063 0.123611
0 0.880078 0.444444 0.028906 0.127778
0 0.969922 0.688194 0.016406 0.168056
0 0.910937 0.751389 0.071875 0.075000
0 0.891797 0.807639 0.078906 0.070833
0 0.955859 0.939583 0.074219 0.098611
