0 0.146875 0.096528 0.029687 0.179167
0 0.136328 0.097222 0.083594 0.080556
0 0.090625 0.247917 0.029687 0.156944
0 0.071875 0.654861 0.043750 0.109722
0 0.069922 0.699306 0.100781 0.079167
0 0.130469 0.884028 0.062500 0.095833
0 0.119141 0.936806 0.074219 0.104167
0 0.216797 0.918750 0.086719 0.062500
0 0.301562 0.950694 0.098438 0.065278
0 0.365234 0.679861 0.038281 0.137500
0 0.255859 0.574306 0.113281 0.040278
0 0.373828 0.368750 0.044531 0.129167
0 0.683203 0.893056 0.032031 0.152778
0 0.876172 0.544444 0.055469 0.105556
0 0.783594 0.354167 0.040625 0.158333
0 0.778906 0.350694 0.112500 0.051389
0 0.766016 0.271528 0.091406 0.081944
0 0.741406 0.206944 0.089062 0.108333
