0 0.111328 0.422917 0.039844 0.190278
0 0.251953 0.561806 0.025781 0.115278
0 0.195313 0.726389 0.139062 0.041667
0 0.448047 0.202778 0.021094 0.161111
0 0.501953 0.106250 0.064844 0.154167
0 0.650000 0.173611 0.053125 0.141667
0 0.646094 0.229167 0.115625 0.105556
0 0.867969 0.077083 0.134375 0.062500
0 0.716797 0.442361 0.064844 0.106944
0 0.701953 0.515278 0.078906 0.136111
0 0.819531 0.492361 0.110937 0.084722
0 0.923437 0.521528 0.112500 0.073611
0 0.773438 0.856250 0.121875 0.065278
0 0.833203 0.931944 0.119531 0.075000
