0 0.356250 0.267361 0.076563 0.084722
0 0.361328 0.475694 0.025781 0.143056
0 0.384766 0.809722 0.033594 0.111111
0 0.505859 0.682639 0.046094 0.095833
0 0.649609 0.266667 0.072656 0.088889
0 0.707031 0.437500 0.062500 0.097222
0 0.840234 0.193056 0.082031 0.066667
0 0.949219 0.030556 0.078125 0.047222
0 0.883984 0.513194 0.036719 0.118056
0 0.850391 0.497917 0.030469 0.140278
0 0.936328 0.638889 0.063281 0.063889
0 0.979688 0.618056 0.035937 0.066667
0 0.925781 0.782639 0.034375 0.112500
0 0.854688 0.856250 0.085938 0.048611
0 0.663281 0.886806 0.031250 0.143056
0 0.534375 0.941667 0.059375 0.077778
0 0.439453 0.959028 0.100781 0.056944
