0 0.643359 0.072917 0.077344 0.062500
0 0.352344 0.159722 0.059375 0.097222
0 0.452344 0.278472 0.023438 0.126389
0 0.504297 0.384722 0.039844 0.108333
0 0.637109 0.347222 0.013281 0.133333
0 0.566797 0.243056 0.072656 0.038889
0 0.502344 0.177083 0.029687 0.112500
0 0.526563 0.201389 0.093750 0.041667
0 0.353516 0.275694 0.078906 0.040278
0 0.308203 0.373611 0.046094 0.077778
0 0.356250 0.352083 0.054688 0.106944
0 0.396875 0.371528 0.068750 0.031944
0 0.426172 0.400000 0.057031 0.061111
0 0.409375 0.465972 0.037500 0.054167
0 0.451562 0.475694 0.040625 0.087500
0 0.312500 0.530556 0.025000 0.097222
0 0.292578 0.505556 0.053906 0.033333
0 0.259375 0.500000 0.029687 0.108333
0 0.219922 0.536111 0.042969 0.044444
0 0.213672 0.773611 0.060156 0.080556
0 0.285547 0.768056 0.053906 0.091667
0 0.366797 0.668750 0.058594 0.048611
0 0.348828 0.690278 0.039844 0.038889
0 0.435156 0.742361 0.023438 0.070833
0 0.378516 0.786111 0.078906 0.055556
0 0.292188 0.895139 0.054688 0.040278
0 0.257031 0.945833 0.020312 0.075000
0 0.281641 0.959028 0.022656 0.059722
0 0.216406 0.961806 0.031250 0.051389
0 0.160938 0.938889 0.060938 0.030556
0 0.115234 0.942361 0.017969 0.065278
0 0.480078 0.903472 0.019531 0.118056
0 0.546094 0.938194 0.029687 0.090278
0 0.594141 0.919444 0.036719 0.069444
0 0.614062 0.979167 0.082813 0.036111
0 0.771484 0.180556 0.047656 0.061111
0 0.766406 0.120139 0.054688 0.054167
0 0.875391 0.045833 0.035156 0.080556
0 0.968359 0.084028 0.016406 0.095833
0 0.951953 0.108333 0.075781 0.047222
0 0.833203 0.190278 0.074219 0.041667
0 0.856250 0.281944 0.032812 0.113889
0 0.820703 0.332639 0.022656 0.129167
0 0.773047 0.401389 0.061719 0.063889
0 0.898047 0.406944 0.085156 0.052778
0 0.920313 0.520833 0.045313 0.083333
0 0.974609 0.531250 0.049219 0.106944
0 0.739062 0.502083 0.014062 0.126389
0 0.739844 0.568750 0.064062 0.034722
0 0.713281 0.653472 0.020312 0.118056
0 0.706250 0.570139 0.045313 0.087500
0 0.944922 0.636111 0.055469 0.061111
0 0.894141 0.748611 0.083594 0.036111
0 0.927734 0.790278 0.046094 0.069444
0 0.865625 0.849306 0.067188 0.048611
0 0.962891 0.874306 0.060156 0.031944
0 0.935938 0.890972 0.060938 0.054167
0 0.913672 0.913889 0.053906 0.047222
0 0.901563 0.904861 0.046875 0.062500
0 0.851953 0.751389 0.021094 0.116667
0 0.707422 0.814583 0.080469 0.043056
0 0.712500 0.882639 0.009375 0.081944
0 0.719531 0.922917 0.023438 0.104167
0 0.755078 0.959028 0.014844 0.076389
0 0.780078 0.959028 0.027344 0.054167
0 0.814844 0.937500 0.056250 0.075000
0 0.833203 0.915278 0.046094 0.075000
0 0.669531 0.947917 0.018750 0.076389
0 0.696484 0.955556 0.033594 0.047222
