0 0.026172 0.089583 0.039844 0.087500
0 0.021484 0.139583 0.042969 0.026389
0 0.019141 0.170139 0.030469 0.034722
0 0.023828 0.235417 0.033594 0.048611
0 0.053906 0.265278 0.037500 0.111111
0 0.018750 0.351389 0.028125 0.052778
0 0.016797 0.605556 0.013281 0.175000
0 0.046094 0.843750 0.043750 0.104167
0 0.123828 0.896528 0.033594 0.131944
0 0.173047 0.482639 0.066406 0.084722
0 0.196484 0.415278 0.083594 0.038889
0 0.174219 0.061806 0.075000 0.065278
0 0.264453 0.068056 0.094531 0.036111
0 0.354688 0.108333 0.101563 0.058333
0 0.128906 0.195833 0.071875 0.069444
0 0.200000 0.193056 0.070313 0.063889
0 0.130469 0.289583 0.026563 0.084722
0 0.130859 0.277778 0.074219 0.066667
0 0.111328 0.318750 0.021094 0.087500
0 0.153125 0.350694 0.070313 0.048611
0 0.371875 0.420833 0.040625 0.113889
0 0.333594 0.367361 0.073437 0.084722
0 0.416797 0.342361 0.016406 0.134722
0 0.467578 0.384722 0.060156 0.063889
0 0.554688 0.411806 0.065625 0.104167
0 0.535937 0.160417 0.057813 0.073611
0 0.461719 0.254861 0.101563 0.051389
0 0.337891 0.743750 0.036719 0.104167
0 0.514844 0.573611 0.098438 0.036111
0 0.485938 0.731944 0.039063 0.111111
0 0.546875 0.688194 0.071875 0.048611
0 0.544141 0.752083 0.036719 0.084722
0 0.501953 0.887500 0.014844 0.133333
0 0.535156 0.923611 0.051562 0.072222
0 0.486719 0.940278 0.059375 0.052778
0 0.612109 0.845139 0.086719 0.034722
0 0.630469 0.775000 0.032812 0.108333
0 0.660937 0.778472 0.015625 0.126389
0 0.692578 0.728472 0.047656 0.059722
0 0.672656 0.637500 0.023438 0.100000
0 0.649609 0.665278 0.064844 0.027778
0 0.617578 0.670139 0.066406 0.070833
0 0.807813 0.725000 0.065625 0.033333
0 0.864844 0.550000 0.035937 0.100000
0 0.859375 0.366667 0.034375 0.030556
0 0.830078 0.269444 0.089844 0.041667
0 0.820313 0.381250 0.031250 0.109722
0 0.716016 0.440972 0.071094 0.040278
0 0.671484 0.529167 0.067969 0.050000
0 0.678125 0.505556 0.037500 0.069444
0 0.741797 0.516667 0.066406 0.052778
0 0.733984 0.411806 0.100781 0.045833
0 0.769922 0.368056 0.060156 0.061111
0 0.910156 0.062500 0.037500 0.066667
0 0.889063 0.150000 0.023438 0.094444
0 0.876953 0.159722 0.047656 0.066667
0 0.777344 0.045833 0.021875 0.100000
0 0.851563 0.031250 0.025000 0.073611
