0 0.228125 0.020139 0.059375 0.023611
0 0.125781 0.090972 0.021875 0.084722
0 0.112891 0.101389 0.085156 0.033333
0 0.014453 0.257639 0.025781 0.084722
0 0.058594 0.401389 0.098438 0.038889
0 0.079687 0.531250 0.048437 0.076389
0 0.128906 0.525694 0.045313 0.106944
0 0.180078 0.384028 0.032031 0.087500
0 0.212500 0.421528 0.062500 0.065278
0 0.223438 0.722222 0.070313 0.058333
0 0.326562 0.727778 0.065625 0.088889
0 0.406250 0.747222 0.048437 0.097222
0 0.333984 0.852083 0.064844 0.070833
0 0.155078 0.774306 0.022656 0.134722
0 0.096094 0.645833 0.051562 0.075000
0 0.050391 0.750000 0.075781 0.047222
0 0.080859 0.788194 0.057031 0.056944
0 0.030469 0.843056 0.048437 0.041667
0 0.120312 0.879861 0.081250 0.029167
0 0.089844 0.890972 0.062500 0.048611
0 0.067969 0.909028 0.059375 0.062500
0 0.062109 0.905556 0.071094 0.075000
0 0.223828 0.968750 0.057031 0.048611
0 0.217578 0.890972 0.035156 0.090278
0 0.487109 0.869444 0.030469 0.102778
0 0.494141 0.807639 0.053906 0.090278
0 0.438281 0.850000 0.060938 0.086111
0 0.460547 0.463889 0.024219 0.102778
0 0.474219 0.523611 0.068750 0.061111
0 0.539453 0.475694 0.027344 0.131944
0 0.516406 0.345139 0.025000 0.123611
0 0.482031 0.355556 0.023438 0.144444
0 0.434766 0.202083 0.058594 0.040278
0 0.447656 0.280556 0.012500 0.108333
0 0.476953 0.262500 0.050781 0.077778
0 0.405078 0.290972 0.074219 0.048611
0 0.257422 0.200000 0.047656 0.105556
0 0.330078 0.216667 0.085156 0.069444
0 0.360938 0.141667 0.043750 0.047222
0 0.308594 0.121528 0.053125 0.062500
0 0.327344 0.126389 0.065625 0.047222
0 0.358594 0.045833 0.065625 0.086111
0 0.414453 0.055556 0.046094 0.066667
0 0.455078 0.079861 0.058594 0.051389
0 0.407422 0.127778 0.055469 0.080556
0 0.539063 0.206250 0.023438 0.120833
0 0.560938 0.279167 0.065625 0.033333
0 0.616016 0.366667 0.032031 0.102778
0 0.650391 0.266667 0.039844 0.100000
0 0.578906 0.180556 0.073437 0.033333
0 0.605859 0.252083 0.016406 0.070833
0 0.596484 0.227778 0.066406 0.066667
0 0.702344 0.388889 0.031250 0.127778
0 0.623047 0.571528 0.050781 0.084722
0 0.603125 0.677083 0.067188 0.084722
0 0.687891 0.776389 0.058594 0.083333
0 0.747266 0.558333 0.028906 0.108333
0 0.792578 0.540278 0.046094 0.088889
0 0.838672 0.467361 0.039844 0.079167
0 0.912500 0.509028 0.032812 0.118056
0 0.862891 0.654861 0.042969 0.065278
0 0.827344 0.572917 0.040625 0.106944
0 0.760547 0.699306 0.021094 0.090278
0 0.701563 0.559722 0.089062 0.058333
0 0.708594 0.634028 0.031250 0.073611
0 0.736328 0.668056 0.033594 0.088889
0 0.775781 0.753472 0.089062 0.031944
0 0.760156 0.777778 0.060938 0.030556
0 0.838281 0.795139 0.076563 0.059722
0 0.872656 0.920833 0.034375 0.091667
0 0.798437 0.933333 0.017188 0.086111
0 0.776953 0.892361 0.021094 0.109722
0 0.820313 0.895833 0.054688 0.075000
0 0.842188 0.895139 0.039063 0.076389
