0 0.045703 0.135417 0.066406 0.068056
0 0.068359 0.440278 0.063281 0.069444
0 0.151172 0.247917 0.083594 0.073611
0 0.225781 0.223611 0.085938 0.058333
0 0.214453 0.280556 0.047656 0.086111
0 0.241016 0.339583 0.091406 0.045833
0 0.128125 0.075694 0.026563 0.115278
0 0.154297 0.022222 0.038281 0.038889
0 0.239453 0.084028 0.044531 0.084722
0 0.274609 0.075694 0.014844 0.123611
0 0.302344 0.088889 0.031250 0.122222
0 0.395312 0.184722 0.054688 0.108333
0 0.325391 0.432639 0.021094 0.104167
0 0.343359 0.440278 0.038281 0.113889
0 0.287891 0.526389 0.080469 0.055556
0 0.255469 0.481250 0.046875 0.051389
0 0.227734 0.515972 0.024219 0.076389
0 0.230859 0.577083 0.060156 0.059722
0 0.220703 0.638889 0.066406 0.055556
0 0.334766 0.725000 0.035156 0.125000
0 0.329297 0.708333 0.086719 0.088889
0 0.414844 0.818056 0.087500 0.058333
0 0.372266 0.879861 0.046094 0.043056
0 0.514844 0.738889 0.084375 0.050000
0 0.499609 0.456944 0.035156 0.127778
0 0.544531 0.525000 0.034375 0.122222
0 0.621875 0.558333 0.025000 0.136111
0 0.625391 0.556944 0.082031 0.041667
0 0.582422 0.518750 0.075781 0.040278
0 0.546875 0.186806 0.035937 0.129167
0 0.582422 0.046528 0.032031 0.081944
0 0.654688 0.086806 0.095312 0.043056
0 0.639063 0.042361 0.035937 0.056944
0 0.604297 0.283333 0.021094 0.155556
0 0.680469 0.263194 0.059375 0.109722
0 0.748438 0.488889 0.032812 0.091667
0 0.782031 0.703472 0.076563 0.076389
0 0.603906 0.787500 0.087500 0.047222
0 0.570313 0.838194 0.073437 0.043056
0 0.619141 0.912500 0.053906 0.083333
0 0.570703 0.945833 0.053906 0.083333
0 0.516016 0.835417 0.049219 0.056944
0 0.706250 0.961806 0.043750 0.070833
0 0.879687 0.962500 0.062500 0.052778
0 0.958984 0.598611 0.035156 0.116667
0 0.991406 0.647222 0.009375 0.119444
0 0.933203 0.495833 0.091406 0.066667
0 0.951172 0.397917 0.027344 0.118056
0 0.966797 0.337500 0.053906 0.063889
0 0.907812 0.322222 0.057813 0.080556
0 0.865625 0.143750 0.020312 0.115278
0 0.865625 0.043056 0.042188 0.075000
0 0.897656 0.032639 0.032812 0.051389
0 0.800000 0.057639 0.017188 0.079167
0 0.828906 0.048611 0.040625 0.050000
0 0.830078 0.153472 0.042969 0.079167
0 0.796094 0.150000 0.014062 0.119444
0 0.810938 0.147917 0.032812 0.115278
0 0.751953 0.121528 0.086719 0.037500
0 0.716797 0.048611 0.017969 0.094444
0 0.748438 0.069444 0.046875 0.061111
0 0.761328 0.047222 0.016406 0.061111
0 0.910937 0.147222 0.020312 0.091667
0 0.946875 0.149306 0.037500 0.034722
0 0.963672 0.167361 0.039844 0.029167
0 0.982422 0.199306 0.033594 0.034722
0 0.981641 0.236111 0.028906 0.047222
0 0.958594 0.256944 0.042188 0.080556
0 0.953125 0.198611 0.014062 0.050000
0 0.919531 0.235417 0.031250 0.081944
0 0.900391 0.259722 0.050781 0.069444
0 0.874219 0.245833 0.053125 0.041667
