0 0.354297 0.161111 0.057031 0.086111
0 0.458984 0.279167 0.024219 0.125000
0 0.505078 0.161806 0.038281 0.081944
0 0.531641 0.206250 0.075781 0.062500
0 0.651172 0.070139 0.088281 0.076389
0 0.578125 0.243056 0.089062 0.033333
0 0.650781 0.349306 0.015625 0.148611
0 0.518750 0.379861 0.042188 0.131944
0 0.452734 0.497222 0.042969 0.083333
0 0.414453 0.468750 0.046094 0.056944
0 0.358594 0.289583 0.078125 0.040278
0 0.366016 0.359028 0.052344 0.087500
0 0.409766 0.372222 0.071094 0.036111
0 0.428906 0.403472 0.065625 0.056944
0 0.293359 0.418750 0.046094 0.084722
0 0.324219 0.545139 0.031250 0.073611
0 0.281641 0.504167 0.058594 0.072222
0 0.259375 0.517361 0.037500 0.106944
0 0.157813 0.702083 0.043750 0.034722
0 0.208594 0.770139 0.053125 0.093056
0 0.284375 0.776389 0.054688 0.105556
0 0.372656 0.691667 0.095312 0.052778
0 0.371094 0.653472 0.073437 0.037500
0 0.386719 0.805556 0.089062 0.063889
0 0.463281 0.796528 0.029687 0.068056
0 0.285937 0.912500 0.045313 0.047222
0 0.261328 0.956250 0.025781 0.081944
0 0.281250 0.963889 0.018750 0.066667
0 0.144141 0.935417 0.052344 0.034722
0 0.487500 0.913889 0.017188 0.125000
0 0.610156 0.947917 0.050000 0.095833
0 0.558984 0.937500 0.044531 0.100000
0 0.717578 0.829167 0.085156 0.036111
0 0.730469 0.905556 0.020312 0.136111
0 0.708594 0.965278 0.043750 0.041667
0 0.686719 0.945139 0.032812 0.095833
0 0.725391 0.660417 0.027344 0.131944
0 0.752734 0.503472 0.022656 0.137500
0 0.754687 0.577778 0.075000 0.041667
0 0.714063 0.570833 0.048437 0.088889
0 0.782031 0.418056 0.067188 0.069444
0 0.831250 0.329861 0.015625 0.137500
0 0.867578 0.279861 0.028906 0.115278
0 0.853516 0.194444 0.089844 0.041667
0 0.790234 0.204861 0.061719 0.079167
0 0.775000 0.120833 0.073437 0.080556
0 0.983203 0.097222 0.028906 0.050000
0 0.954687 0.115278 0.040625 0.044444
0 0.886719 0.045139 0.029687 0.073611
0 0.914063 0.409028 0.100000 0.023611
0 0.937109 0.530556 0.044531 0.077778
0 0.971875 0.581944 0.043750 0.066667
0 0.954687 0.656250 0.050000 0.059722
0 0.909766 0.757639 0.083594 0.031944
0 0.944141 0.804861 0.049219 0.068056
0 0.875000 0.869444 0.071875 0.047222
0 0.965234 0.875694 0.064844 0.037500
0 0.933594 0.935417 0.051562 0.065278
0 0.966406 0.918750 0.050000 0.034722
0 0.929688 0.909722 0.048437 0.041667
0 0.846094 0.930556 0.045313 0.072222
0 0.826953 0.952778 0.053906 0.061111
0 0.763672 0.952083 0.021094 0.056944
