0 0.045703 0.099306 0.033594 0.095833
0 0.026953 0.157639 0.042969 0.034722
0 0.027734 0.190278 0.028906 0.041667
0 0.029297 0.237500 0.049219 0.075000
0 0.017188 0.272917 0.029687 0.073611
0 0.023828 0.358333 0.041406 0.063889
0 0.072266 0.287500 0.036719 0.122222
0 0.030859 0.647222 0.016406 0.130556
0 0.060938 0.843056 0.053125 0.113889
0 0.139844 0.902083 0.031250 0.140278
0 0.194922 0.081250 0.066406 0.065278
0 0.278906 0.083333 0.085938 0.038889
0 0.375000 0.118750 0.092188 0.037500
0 0.200781 0.193056 0.068750 0.063889
0 0.145703 0.205556 0.075781 0.080556
0 0.128906 0.347222 0.026563 0.111111
0 0.162109 0.359722 0.071094 0.047222
0 0.146094 0.304167 0.026563 0.075000
0 0.151562 0.290972 0.084375 0.059722
0 0.219141 0.431944 0.078906 0.055556
0 0.191797 0.501389 0.064844 0.066667
0 0.549609 0.180556 0.035156 0.086111
0 0.474609 0.254167 0.091406 0.058333
0 0.427734 0.359028 0.024219 0.120833
0 0.476172 0.394444 0.069531 0.075000
0 0.563281 0.428472 0.082813 0.134722
0 0.525000 0.570833 0.096875 0.047222
0 0.382813 0.419444 0.037500 0.119444
0 0.365625 0.389583 0.079687 0.040278
0 0.338672 0.733333 0.021094 0.105556
0 0.496094 0.734722 0.032812 0.100000
0 0.544141 0.707639 0.063281 0.062500
0 0.556641 0.754167 0.035156 0.102778
0 0.612891 0.849306 0.074219 0.043056
0 0.658203 0.806250 0.021094 0.109722
0 0.622266 0.762500 0.041406 0.097222
0 0.616406 0.681944 0.046875 0.108333
0 0.641016 0.662500 0.052344 0.036111
0 0.683984 0.652083 0.032031 0.120833
0 0.721484 0.679167 0.069531 0.058333
0 0.811328 0.714583 0.058594 0.048611
0 0.517187 0.925694 0.014062 0.143056
0 0.500391 0.937500 0.058594 0.058333
0 0.543750 0.918056 0.039063 0.077778
0 0.767187 0.035417 0.029687 0.065278
0 0.789453 0.056944 0.021094 0.113889
0 0.839453 0.056944 0.052344 0.055556
0 0.919141 0.063194 0.046094 0.062500
0 0.936328 0.110417 0.057031 0.045833
0 0.876562 0.168750 0.034375 0.043056
0 0.855078 0.211806 0.057031 0.048611
0 0.842969 0.280556 0.098438 0.027778
0 0.819531 0.425694 0.025000 0.129167
0 0.879687 0.549306 0.054688 0.054167
0 0.771875 0.374306 0.067188 0.093056
0 0.741016 0.423611 0.107031 0.036111
0 0.713672 0.456944 0.085156 0.030556
0 0.746094 0.545833 0.087500 0.066667
0 0.681250 0.546528 0.076563 0.048611
0 0.680469 0.536806 0.042188 0.106944
