0 0.087891 0.094444 0.025781 0.047222
0 0.064453 0.103472 0.064844 0.045833
0 0.177734 0.030556 0.063281 0.047222
0 0.233594 0.208333 0.048437 0.116667
0 0.305469 0.216667 0.082813 0.072222
0 0.035156 0.412500 0.070313 0.047222
0 0.042578 0.551389 0.055469 0.077778
0 0.076953 0.585417 0.060156 0.081944
0 0.061719 0.666667 0.057813 0.066667
0 0.124219 0.789583 0.035937 0.112500
0 0.032812 0.770833 0.056250 0.044444
0 0.048047 0.820139 0.057031 0.062500
0 0.080078 0.902083 0.074219 0.054167
0 0.053125 0.929167 0.057813 0.058333
0 0.023828 0.954167 0.024219 0.055556
0 0.035156 0.921528 0.070313 0.037500
0 0.188672 0.759722 0.083594 0.050000
0 0.185547 0.925694 0.042969 0.095833
0 0.179297 0.437500 0.064844 0.050000
0 0.154297 0.395139 0.028906 0.087500
0 0.327344 0.059722 0.042188 0.100000
0 0.413281 0.048611 0.071875 0.066667
0 0.448047 0.090278 0.063281 0.086111
0 0.383203 0.118750 0.058594 0.068056
0 0.284766 0.129167 0.057031 0.058333
0 0.313281 0.136806 0.046875 0.056944
0 0.297656 0.125000 0.065625 0.055556
0 0.416797 0.198611 0.066406 0.047222
0 0.420703 0.291667 0.022656 0.113889
0 0.382031 0.290278 0.078125 0.061111
0 0.458984 0.265972 0.057031 0.056944
0 0.457031 0.348611 0.021875 0.141667
0 0.493359 0.382639 0.022656 0.143056
0 0.518750 0.486111 0.028125 0.144444
0 0.456250 0.391667 0.096875 0.094444
0 0.445703 0.483333 0.024219 0.116667
0 0.455469 0.540278 0.068750 0.086111
0 0.525000 0.202083 0.031250 0.151389
0 0.543359 0.279167 0.078906 0.050000
0 0.590234 0.205556 0.085156 0.033333
0 0.640234 0.283333 0.036719 0.102778
0 0.603125 0.270139 0.029687 0.134722
0 0.624219 0.367361 0.021875 0.126389
0 0.696875 0.400694 0.026563 0.162500
0 0.302344 0.759028 0.073437 0.079167
0 0.409766 0.800000 0.050781 0.102778
0 0.470703 0.835417 0.055469 0.093056
0 0.468359 0.902083 0.033594 0.109722
0 0.424609 0.897222 0.066406 0.080556
0 0.305469 0.877083 0.067188 0.065278
0 0.587500 0.718750 0.067188 0.068056
0 0.731250 0.534722 0.020312 0.133333
0 0.828125 0.469444 0.032812 0.091667
0 0.907422 0.515972 0.036719 0.131944
0 0.858594 0.699306 0.046875 0.056944
0 0.833594 0.815972 0.082813 0.087500
0 0.880859 0.929861 0.030469 0.070833
0 0.828516 0.920139 0.042969 0.079167
0 0.795703 0.957639 0.014844 0.070833
0 0.818750 0.976389 0.032812 0.033333
0 0.769922 0.931250 0.035156 0.101389
0 0.675000 0.819444 0.057813 0.088889
0 0.748047 0.819444 0.074219 0.052778
0 0.754297 0.776389 0.074219 0.052778
0 0.753906 0.739583 0.029687 0.081944
0 0.809375 0.606944 0.035937 0.111111
0 0.789844 0.556944 0.043750 0.069444
0 0.752734 0.649306 0.057031 0.087500
0 0.714844 0.652083 0.045313 0.076389
0 0.677734 0.577778 0.088281 0.086111
0 0.637500 0.638889 0.065625 0.108333
