0 0.145703 0.025694 0.047656 0.037500
0 0.126953 0.095833 0.024219 0.113889
0 0.044531 0.135417 0.068750 0.062500
0 0.066016 0.452083 0.064844 0.076389
0 0.142188 0.263194 0.082813 0.051389
0 0.224609 0.237500 0.094531 0.044444
0 0.214453 0.296528 0.053906 0.087500
0 0.229297 0.346528 0.072656 0.029167
0 0.240625 0.098611 0.050000 0.091667
0 0.269531 0.074306 0.015625 0.129167
0 0.291797 0.027778 0.038281 0.036111
0 0.292188 0.100000 0.023438 0.094444
0 0.388281 0.188889 0.051562 0.105556
0 0.494922 0.456250 0.022656 0.129167
0 0.535547 0.536806 0.038281 0.123611
0 0.614453 0.554861 0.022656 0.126389
0 0.607031 0.554861 0.076563 0.040278
0 0.570313 0.526389 0.064062 0.047222
0 0.340625 0.446528 0.023438 0.098611
0 0.321875 0.440278 0.026563 0.100000
0 0.316016 0.510417 0.049219 0.051389
0 0.282813 0.530556 0.085938 0.038889
0 0.283594 0.548611 0.082813 0.038889
0 0.230469 0.520139 0.040625 0.068056
0 0.223828 0.578472 0.058594 0.054167
0 0.214062 0.656944 0.073437 0.047222
0 0.320703 0.697222 0.072656 0.083333
0 0.339453 0.736806 0.044531 0.081944
0 0.403906 0.813889 0.084375 0.036111
0 0.373437 0.886806 0.051562 0.031944
0 0.519141 0.742361 0.077344 0.040278
0 0.585156 0.796528 0.084375 0.043056
0 0.511719 0.829861 0.046875 0.062500
0 0.575000 0.843750 0.068750 0.045833
0 0.610547 0.905556 0.058594 0.083333
0 0.562891 0.946528 0.047656 0.065278
0 0.699609 0.964583 0.042969 0.056944
0 0.864453 0.966667 0.044531 0.044444
0 0.979688 0.652778 0.023438 0.122222
0 0.948047 0.597917 0.044531 0.112500
0 0.916406 0.520833 0.104687 0.044444
0 0.943750 0.398611 0.025000 0.116667
0 0.925781 0.516667 0.018750 0.055556
0 0.770312 0.706944 0.084375 0.052778
0 0.741016 0.506250 0.035156 0.118056
0 0.673828 0.265278 0.069531 0.105556
0 0.597656 0.289583 0.039063 0.129167
0 0.538281 0.204861 0.048437 0.120833
0 0.502734 0.045833 0.027344 0.077778
0 0.573828 0.050694 0.057031 0.076389
0 0.646094 0.102083 0.087500 0.048611
0 0.629297 0.039583 0.046094 0.054167
0 0.704687 0.059722 0.018750 0.100000
0 0.739844 0.084028 0.053125 0.054167
0 0.735547 0.121528 0.083594 0.051389
0 0.746094 0.045833 0.025000 0.086111
0 0.791016 0.072222 0.013281 0.100000
0 0.788281 0.159722 0.018750 0.091667
0 0.801172 0.152778 0.033594 0.088889
0 0.825391 0.170833 0.042969 0.094444
0 0.814062 0.073611 0.029687 0.058333
0 0.851953 0.143056 0.021094 0.105556
0 0.853125 0.054861 0.054688 0.095833
0 0.877734 0.042361 0.047656 0.073611
0 0.987109 0.111806 0.022656 0.079167
0 0.962109 0.031944 0.052344 0.063889
0 0.907031 0.252778 0.026563 0.075000
0 0.891797 0.332639 0.050781 0.062500
0 0.956250 0.352778 0.068750 0.075000
0 0.957422 0.282639 0.041406 0.076389
0 0.974219 0.245833 0.050000 0.069444
0 0.962109 0.186111 0.074219 0.052778
0 0.933203 0.218056 0.022656 0.041667
0 0.973047 0.221528 0.041406 0.054167
0 0.900000 0.161111 0.028125 0.080556
0 0.927344 0.157639 0.048437 0.034722
0 0.857031 0.268056 0.043750 0.041667
0 0.882031 0.272917 0.037500 0.056944
0 0.872656 0.190972 0.037500 0.054167
