0 0.978516 0.100000 0.041406 0.058333
0 0.945313 0.129861 0.045313 0.056944
0 0.883984 0.047917 0.017969 0.084722
0 0.775781 0.123611 0.071875 0.086111
0 0.851172 0.198611 0.072656 0.036111
0 0.863672 0.278472 0.036719 0.093056
0 0.794141 0.211111 0.057031 0.072222
0 0.829297 0.332639 0.028906 0.129167
0 0.780859 0.415278 0.061719 0.066667
0 0.651953 0.070139 0.085156 0.068056
0 0.647656 0.343750 0.018750 0.123611
0 0.574609 0.242361 0.072656 0.040278
0 0.506250 0.167361 0.025000 0.073611
0 0.529297 0.199306 0.089844 0.054167
0 0.359375 0.162500 0.056250 0.097222
0 0.460938 0.271528 0.018750 0.126389
0 0.509766 0.393750 0.038281 0.118056
0 0.367969 0.293750 0.084375 0.037500
0 0.413672 0.465278 0.050781 0.063889
0 0.451953 0.488889 0.038281 0.091667
0 0.367188 0.360417 0.045313 0.084722
0 0.401953 0.383333 0.064844 0.033333
0 0.427734 0.393750 0.067969 0.034722
0 0.328125 0.545833 0.031250 0.061111
0 0.296484 0.413889 0.050781 0.080556
0 0.280469 0.497222 0.068750 0.069444
0 0.261719 0.506944 0.053125 0.102778
0 0.164063 0.696528 0.051562 0.037500
0 0.212109 0.764583 0.044531 0.098611
0 0.283203 0.763889 0.053906 0.075000
0 0.385156 0.812500 0.092188 0.077778
0 0.465234 0.810417 0.039844 0.115278
0 0.486719 0.916667 0.021875 0.113889
0 0.358203 0.702083 0.082031 0.048611
0 0.377734 0.661806 0.075781 0.045833
0 0.278516 0.923611 0.057031 0.044444
0 0.261328 0.965278 0.021094 0.072222
0 0.276563 0.964583 0.021875 0.051389
0 0.148047 0.927778 0.046094 0.050000
0 0.600000 0.942361 0.029687 0.079167
0 0.557031 0.938194 0.045313 0.073611
0 0.703516 0.827778 0.078906 0.038889
0 0.730469 0.893056 0.025000 0.102778
0 0.722266 0.931250 0.019531 0.098611
0 0.703906 0.963194 0.028125 0.037500
0 0.683594 0.938194 0.032812 0.087500
0 0.760938 0.954167 0.023438 0.077778
0 0.789063 0.963889 0.025000 0.066667
0 0.819141 0.954861 0.041406 0.079167
0 0.848437 0.931250 0.046875 0.076389
0 0.867578 0.861111 0.069531 0.066667
0 0.906641 0.761806 0.094531 0.040278
0 0.929297 0.788194 0.052344 0.101389
0 0.968359 0.877778 0.067969 0.044444
0 0.944922 0.908333 0.066406 0.044444
0 0.923437 0.930556 0.064062 0.069444
0 0.935156 0.550694 0.054688 0.084722
0 0.951563 0.645139 0.050000 0.059722
0 0.919922 0.627778 0.019531 0.066667
0 0.752344 0.511111 0.020312 0.113889
0 0.726563 0.657639 0.028125 0.126389
0 0.712109 0.566667 0.044531 0.105556
0 0.739844 0.567361 0.070313 0.048611
0 0.917578 0.418056 0.117969 0.041667
