0 0.363281 0.102083 0.106250 0.045833
0 0.538672 0.150000 0.032031 0.111111
0 0.264453 0.065972 0.089844 0.043056
0 0.178125 0.068056 0.079687 0.052778
0 0.028125 0.091667 0.042188 0.080556
0 0.016797 0.145139 0.033594 0.026389
0 0.018750 0.168056 0.023438 0.036111
0 0.023047 0.235417 0.035156 0.079167
0 0.058594 0.258333 0.046875 0.122222
0 0.016797 0.342361 0.022656 0.062500
0 0.016797 0.647917 0.030469 0.104167
0 0.041406 0.845833 0.043750 0.108333
0 0.119531 0.896528 0.035937 0.131944
0 0.331250 0.719444 0.042188 0.077778
0 0.171484 0.490972 0.074219 0.087500
0 0.196094 0.418056 0.079687 0.055556
0 0.123828 0.193056 0.080469 0.058333
0 0.187109 0.190278 0.063281 0.072222
0 0.148047 0.354167 0.072656 0.058333
0 0.134766 0.294444 0.032031 0.091667
0 0.132813 0.279167 0.078125 0.050000
0 0.105078 0.312500 0.022656 0.080556
0 0.344922 0.374306 0.094531 0.045833
0 0.377734 0.411806 0.044531 0.101389
0 0.417188 0.341667 0.025000 0.113889
0 0.467187 0.381944 0.065625 0.086111
0 0.460938 0.250694 0.095312 0.051389
0 0.553516 0.415972 0.072656 0.109722
0 0.519531 0.567361 0.100000 0.045833
0 0.482031 0.727778 0.037500 0.100000
0 0.544531 0.691667 0.062500 0.055556
0 0.548828 0.763889 0.046094 0.102778
0 0.609375 0.841667 0.075000 0.036111
0 0.647266 0.811806 0.017969 0.084722
0 0.615234 0.737500 0.046094 0.094444
0 0.610156 0.675000 0.050000 0.122222
0 0.631641 0.649306 0.053906 0.045833
0 0.671875 0.638194 0.035937 0.126389
0 0.719141 0.665278 0.088281 0.055556
0 0.807031 0.720139 0.056250 0.048611
0 0.734766 0.406250 0.103906 0.037500
0 0.767187 0.352083 0.060938 0.079167
0 0.815625 0.425694 0.025000 0.140278
0 0.839063 0.404167 0.028125 0.033333
0 0.881641 0.543056 0.069531 0.058333
0 0.720312 0.454167 0.073437 0.047222
0 0.739453 0.526389 0.078906 0.100000
0 0.657031 0.542361 0.048437 0.043056
0 0.685156 0.523611 0.050000 0.125000
0 0.840234 0.269444 0.107031 0.030556
0 0.879297 0.169444 0.044531 0.036111
0 0.839844 0.213889 0.060938 0.080556
0 0.942187 0.099306 0.081250 0.040278
0 0.932031 0.043056 0.054688 0.041667
0 0.828906 0.034722 0.045313 0.050000
0 0.778906 0.055556 0.034375 0.083333
0 0.508984 0.920833 0.021094 0.133333
0 0.493750 0.934028 0.070313 0.068056
0 0.533594 0.927083 0.050000 0.081944
0 0.554297 0.991667 0.078906 0.033333
