0 0.858984 0.868056 0.025781 0.122222
0 0.908594 0.571528 0.037500 0.118056
0 0.806250 0.802083 0.045313 0.145833
0 0.765234 0.677083 0.094531 0.087500
0 0.778125 0.318056 0.037500 0.144444
0 0.858203 0.192361 0.121094 0.045833
0 0.954687 0.075000 0.031250 0.072222
0 0.808984 0.138194 0.111719 0.034722
0 0.733203 0.114583 0.014844 0.151389
0 0.709766 0.138194 0.053906 0.104167
0 0.613672 0.353472 0.094531 0.056944
0 0.339844 0.083333 0.025000 0.152778
0 0.141797 0.115278 0.044531 0.113889
0 0.068750 0.190972 0.087500 0.054167
0 0.093750 0.261111 0.093750 0.100000
0 0.058203 0.665278 0.099219 0.069444
0 0.325781 0.444444 0.107813 0.047222
0 0.351953 0.561806 0.035156 0.143056
0 0.309766 0.552778 0.085156 0.088889
0 0.462891 0.822917 0.035156 0.154167
0 0.507422 0.950694 0.094531 0.065278
0 0.632422 0.897222 0.094531 0.072222
0 0.633594 0.935417 0.078125 0.079167
