0 0.916016 0.031944 0.083594 0.075000
0 0.399609 0.122222 0.089844 0.086111
0 0.390625 0.351389 0.042188 0.111111
0 0.300391 0.236806 0.102344 0.056944
0 0.124219 0.231944 0.115625 0.075000
0 0.075781 0.397917 0.034375 0.070833
0 0.186328 0.552778 0.027344 0.147222
0 0.389453 0.748611 0.042969 0.050000
0 0.414063 0.820139 0.064062 0.109722
0 0.502344 0.820139 0.084375 0.093056
0 0.521875 0.961806 0.101563 0.051389
0 0.606250 0.684028 0.064062 0.123611
0 0.631641 0.765972 0.042969 0.095833
0 0.711719 0.726389 0.042188 0.080556
0 0.876953 0.428472 0.092969 0.081944
0 0.874609 0.875000 0.105469 0.058333
0 0.842188 0.965278 0.031250 0.063889
