0 0.166406 0.256250 0.029687 0.123611
0 0.141406 0.205556 0.068750 0.066667
0 0.316406 0.261111 0.050000 0.047222
0 0.328516 0.422917 0.044531 0.112500
0 0.296094 0.690278 0.051562 0.066667
0 0.597656 0.829167 0.067188 0.116667
0 0.674219 0.648611 0.042188 0.116667
0 0.682031 0.408333 0.048437 0.097222
0 0.636328 0.345139 0.072656 0.079167
0 0.630859 0.296528 0.049219 0.073611
0 0.810547 0.945833 0.019531 0.072222
0 0.231250 0.604167 0.101563 0.050000
0 0.039063 0.591667 0.075000 0.058333
0 0.082813 0.702083 0.081250 0.056944
0 0.158984 0.877083 0.030469 0.112500
0 0.205469 0.871528 0.071875 0.070833
0 0.128516 0.858333 0.049219 0.058333
0 0.119922 0.888889 0.063281 0.083333
