0 0.906641 0.536111 0.033594 0.116667
0 0.817578 0.476389 0.035156 0.055556
0 0.729688 0.546528 0.035937 0.115278
0 0.806250 0.612500 0.029687 0.113889
0 0.796484 0.586806 0.044531 0.079167
0 0.857422 0.711111 0.044531 0.066667
0 0.755859 0.652778 0.066406 0.083333
0 0.749219 0.756250 0.029687 0.098611
0 0.827344 0.835417 0.087500 0.059722
0 0.744531 0.790972 0.082813 0.043056
0 0.733203 0.831944 0.058594 0.036111
0 0.671094 0.831250 0.062500 0.084722
0 0.643750 0.676389 0.050000 0.105556
0 0.583984 0.727083 0.063281 0.079167
0 0.705469 0.676389 0.043750 0.091667
0 0.676172 0.611806 0.094531 0.090278
0 0.875781 0.955556 0.039063 0.066667
0 0.827344 0.940278 0.050000 0.077778
0 0.758984 0.937500 0.036719 0.100000
0 0.690625 0.400694 0.037500 0.148611
0 0.632422 0.285417 0.036719 0.118056
0 0.615625 0.381944 0.023438 0.144444
0 0.583203 0.220139 0.085156 0.034722
0 0.597266 0.272222 0.028906 0.091667
0 0.539844 0.301389 0.092188 0.033333
0 0.510938 0.190278 0.025000 0.108333
0 0.510156 0.496528 0.031250 0.129167
0 0.432422 0.500694 0.030469 0.106944
0 0.442969 0.565278 0.064062 0.080556
0 0.478516 0.408333 0.017969 0.150000
0 0.450781 0.353472 0.021875 0.143056
0 0.425000 0.406944 0.087500 0.063889
0 0.404297 0.202083 0.074219 0.031944
0 0.435547 0.088194 0.071094 0.054167
0 0.411328 0.302778 0.024219 0.100000
0 0.440234 0.276389 0.060156 0.055556
0 0.364844 0.295833 0.085938 0.038889
0 0.217969 0.206250 0.053125 0.123611
0 0.295703 0.221528 0.102344 0.065278
0 0.367188 0.121528 0.070313 0.065278
0 0.401953 0.061111 0.069531 0.025000
0 0.312891 0.053472 0.039844 0.095833
0 0.269141 0.133333 0.057031 0.080556
0 0.290625 0.129167 0.054688 0.055556
0 0.294531 0.145139 0.081250 0.068056
0 0.166406 0.027778 0.081250 0.036111
0 0.069922 0.109722 0.041406 0.055556
0 0.037109 0.128472 0.033594 0.062500
0 0.031250 0.424306 0.043750 0.051389
0 0.025000 0.565972 0.050000 0.093056
0 0.050000 0.684028 0.056250 0.073611
0 0.105859 0.820833 0.024219 0.136111
0 0.025781 0.787500 0.046875 0.030556
0 0.029687 0.849306 0.050000 0.076389
0 0.060938 0.920833 0.071875 0.050000
0 0.037891 0.940972 0.072656 0.054167
0 0.028906 0.980556 0.034375 0.030556
0 0.172656 0.952083 0.056250 0.076389
0 0.176172 0.767361 0.085156 0.048611
0 0.289063 0.769444 0.067188 0.077778
0 0.291016 0.904167 0.072656 0.058333
0 0.397266 0.825000 0.049219 0.091667
0 0.466797 0.860417 0.053906 0.101389
0 0.455859 0.926389 0.028906 0.105556
0 0.409766 0.914583 0.061719 0.087500
0 0.165234 0.447917 0.069531 0.043056
0 0.137500 0.415972 0.042188 0.093056
