0 0.451562 0.125000 0.085938 0.077778
0 0.436719 0.354861 0.043750 0.115278
0 0.959766 0.047917 0.061719 0.084722
0 0.932813 0.424306 0.078125 0.065278
0 0.346484 0.228472 0.103906 0.062500
0 0.171484 0.216667 0.119531 0.058333
0 0.120703 0.411111 0.042969 0.102778
0 0.225391 0.543750 0.033594 0.098611
0 0.457812 0.822222 0.065625 0.125000
0 0.547266 0.819444 0.086719 0.105556
0 0.566406 0.959028 0.114063 0.043056
0 0.644922 0.695139 0.050781 0.151389
0 0.433984 0.745139 0.049219 0.051389
0 0.675000 0.751389 0.035937 0.113889
0 0.756641 0.718750 0.055469 0.081944
0 0.934375 0.871528 0.125000 0.056944
0 0.889844 0.965278 0.031250 0.050000
