0 0.035156 0.068750 0.056250 0.037500
0 0.046484 0.114583 0.082031 0.059722
0 0.075000 0.025000 0.028125 0.050000
0 0.240625 0.285417 0.096875 0.051389
0 0.027734 0.465278 0.050781 0.061111
0 0.023047 0.884028 0.049219 0.048611
0 0.228125 0.870139 0.100000 0.031944
0 0.373047 0.943056 0.071094 0.086111
0 0.366797 0.632639 0.017969 0.148611
0 0.266797 0.411111 0.024219 0.130556
0 0.225781 0.392361 0.059375 0.081944
0 0.500000 0.211806 0.071875 0.065278
0 0.641016 0.501389 0.067969 0.077778
0 0.765234 0.402083 0.025781 0.101389
0 0.646875 0.183333 0.037500 0.125000
0 0.716797 0.063194 0.103906 0.051389
0 0.670313 0.031944 0.090625 0.036111
0 0.585938 0.027083 0.031250 0.048611
0 0.721875 0.668056 0.021875 0.105556
0 0.671094 0.615278 0.029687 0.141667
0 0.407813 0.747222 0.081250 0.063889
0 0.521094 0.729167 0.070313 0.072222
