0 0.085156 0.168750 0.075000 0.070833
0 0.119141 0.250694 0.071094 0.037500
0 0.248047 0.273611 0.086719 0.041667
0 0.240625 0.075000 0.059375 0.058333
0 0.211328 0.139583 0.085156 0.065278
0 0.427344 0.132639 0.103125 0.034722
0 0.572656 0.125694 0.032812 0.137500
0 0.568359 0.272917 0.103906 0.043056
0 0.509375 0.404861 0.096875 0.062500
0 0.260938 0.795833 0.023438 0.152778
0 0.085156 0.827083 0.037500 0.093056
0 0.032812 0.897222 0.065625 0.038889
0 0.042969 0.945833 0.078125 0.058333
0 0.691406 0.526389 0.031250 0.127778
0 0.779688 0.478472 0.040625 0.070833
0 0.800000 0.610417 0.046875 0.109722
0 0.792188 0.686806 0.065625 0.056944
0 0.674219 0.850000 0.093750 0.050000
0 0.710547 0.902778 0.102344 0.044444
0 0.613281 0.834722 0.025000 0.119444
0 0.585156 0.843750 0.059375 0.087500
0 0.653516 0.961806 0.044531 0.051389
