0 0.948828 0.051389 0.075781 0.061111
0 0.910156 0.435417 0.087500 0.065278
0 0.442187 0.140278 0.087500 0.072222
0 0.432422 0.357639 0.044531 0.131944
0 0.341406 0.246528 0.095312 0.059722
0 0.142188 0.224306 0.120312 0.045833
0 0.230469 0.552778 0.032812 0.136111
0 0.735547 0.728472 0.033594 0.098611
0 0.909375 0.868750 0.106250 0.048611
0 0.657422 0.763194 0.035156 0.093056
0 0.627344 0.687500 0.073437 0.113889
0 0.536328 0.821528 0.078906 0.079167
0 0.557813 0.952778 0.100000 0.058333
0 0.438281 0.807639 0.064062 0.115278
0 0.429297 0.761111 0.050781 0.066667
