0 0.026172 0.066667 0.038281 0.041667
0 0.033984 0.109722 0.072656 0.041667
0 0.237891 0.286806 0.108594 0.056944
0 0.262500 0.370833 0.039063 0.119444
0 0.217187 0.390278 0.070313 0.083333
0 0.361328 0.628472 0.049219 0.145833
0 0.496875 0.185417 0.068750 0.051389
0 0.654688 0.152083 0.051562 0.104167
0 0.719141 0.049306 0.121094 0.029167
0 0.680469 0.017361 0.126563 0.056944
0 0.761719 0.404861 0.039063 0.145833
0 0.712109 0.666667 0.027344 0.108333
0 0.668750 0.618056 0.037500 0.133333
0 0.638672 0.495833 0.080469 0.094444
0 0.520312 0.704861 0.084375 0.051389
0 0.528906 0.667361 0.089062 0.040278
0 0.410937 0.750000 0.100000 0.061111
0 0.366797 0.934722 0.072656 0.088889
0 0.219141 0.869444 0.086719 0.066667
0 0.019141 0.464583 0.033594 0.056944
0 0.025391 0.874306 0.035156 0.054167
