0 0.574219 0.113194 0.026563 0.120833
0 0.565625 0.280556 0.103125 0.027778
0 0.505078 0.401389 0.094531 0.052778
0 0.430859 0.138194 0.089844 0.068056
0 0.364844 0.019444 0.057813 0.047222
0 0.236328 0.079167 0.049219 0.061111
0 0.210938 0.144444 0.060938 0.083333
0 0.277344 0.293056 0.098438 0.052778
0 0.076563 0.174306 0.076563 0.070833
0 0.123828 0.273611 0.069531 0.072222
0 0.265625 0.817361 0.034375 0.145833
0 0.076172 0.843056 0.049219 0.116667
0 0.027734 0.909722 0.058594 0.038889
0 0.045313 0.975000 0.075000 0.044444
0 0.694531 0.540972 0.026563 0.143056
0 0.782031 0.489583 0.057813 0.043056
0 0.816797 0.602083 0.060156 0.109722
0 0.799609 0.711806 0.074219 0.068056
0 0.612500 0.849306 0.026563 0.129167
0 0.583984 0.852083 0.044531 0.118056
0 0.678516 0.870833 0.092969 0.066667
0 0.726172 0.923611 0.097656 0.058333
