0 0.441406 0.124306 0.096875 0.087500
0 0.121484 0.201389 0.111719 0.041667
0 0.337500 0.231250 0.107813 0.073611
0 0.429688 0.359028 0.040625 0.134722
0 0.229297 0.552083 0.028906 0.154167
0 0.427344 0.738194 0.039063 0.048611
0 0.424609 0.784722 0.055469 0.094444
0 0.545313 0.819444 0.082813 0.055556
0 0.562500 0.960417 0.104687 0.040278
0 0.662109 0.766667 0.038281 0.108333
0 0.620313 0.695139 0.078125 0.115278
0 0.734766 0.710417 0.036719 0.090278
0 0.913672 0.419444 0.091406 0.072222
0 0.914844 0.877083 0.103125 0.059722
0 0.880859 0.968750 0.039844 0.051389
0 0.949609 0.050694 0.088281 0.070833
