0 0.232422 0.129861 0.030469 0.087500
0 0.080859 0.802778 0.050781 0.166667
0 0.211328 0.876389 0.086719 0.133333
0 0.337891 0.844444 0.041406 0.141667
0 0.368359 0.900694 0.058594 0.093056
0 0.389844 0.268056 0.098438 0.058333
0 0.479297 0.121528 0.121094 0.043056
0 0.603516 0.255556 0.083594 0.094444
0 0.636328 0.469444 0.038281 0.186111
0 0.723437 0.515972 0.017188 0.140278
0 0.759766 0.379861 0.055469 0.054167
0 0.733984 0.818056 0.086719 0.122222
0 0.503516 0.865972 0.058594 0.134722
0 0.619531 0.880556 0.120312 0.061111
0 0.673047 0.936111 0.119531 0.044444
