0 0.177734 0.281250 0.039844 0.101389
0 0.218359 0.286111 0.072656 0.033333
0 0.167187 0.223611 0.078125 0.041667
0 0.108984 0.407639 0.038281 0.118056
0 0.027734 0.725000 0.038281 0.111111
0 0.093359 0.643056 0.077344 0.072222
0 0.268750 0.588889 0.031250 0.097222
0 0.357422 0.502083 0.083594 0.068056
0 0.362500 0.903472 0.085938 0.084722
0 0.267578 0.920139 0.092969 0.037500
0 0.188672 0.967361 0.097656 0.054167
0 0.565625 0.318750 0.043750 0.112500
0 0.689453 0.285417 0.036719 0.123611
0 0.799219 0.216667 0.034375 0.130556
0 0.843750 0.277083 0.035937 0.076389
0 0.834375 0.170139 0.037500 0.045833
0 0.607813 0.119444 0.025000 0.119444
0 0.584375 0.113194 0.057813 0.095833
0 0.599219 0.564583 0.054688 0.084722
0 0.600781 0.736111 0.101563 0.033333
