0 0.675781 0.027778 0.101563 0.036111
0 0.716406 0.070139 0.095312 0.048611
0 0.650391 0.179167 0.039844 0.116667
0 0.766797 0.416667 0.041406 0.108333
0 0.719531 0.679167 0.032812 0.100000
0 0.667188 0.625000 0.050000 0.119444
0 0.643359 0.495833 0.075781 0.066667
0 0.585938 0.033333 0.028125 0.058333
0 0.607813 0.030556 0.018750 0.058333
0 0.509766 0.219444 0.085156 0.052778
0 0.075000 0.030556 0.039063 0.055556
0 0.032031 0.074306 0.050000 0.043056
0 0.039453 0.135417 0.067969 0.056944
0 0.251953 0.299306 0.088281 0.034722
0 0.273047 0.389583 0.039844 0.104167
0 0.235938 0.386806 0.068750 0.081944
0 0.027344 0.468056 0.042188 0.086111
0 0.028906 0.879167 0.048437 0.041667
0 0.236719 0.865278 0.093750 0.047222
0 0.376172 0.938194 0.064844 0.104167
0 0.370703 0.638889 0.025781 0.161111
0 0.417969 0.763194 0.084375 0.079167
0 0.521484 0.703472 0.077344 0.056944
0 0.521484 0.666667 0.085156 0.050000
