0 0.238281 0.081944 0.054688 0.050000
0 0.229297 0.122222 0.069531 0.086111
0 0.060938 0.181944 0.087500 0.113889
0 0.120703 0.260417 0.075781 0.076389
0 0.286328 0.303472 0.097656 0.043056
0 0.426953 0.141667 0.103906 0.052778
0 0.353906 0.015972 0.050000 0.043056
0 0.571094 0.127778 0.014062 0.163889
0 0.568750 0.278472 0.104687 0.051389
0 0.508594 0.404861 0.096875 0.062500
0 0.700391 0.545833 0.041406 0.138889
0 0.800000 0.497917 0.062500 0.056944
0 0.816406 0.613194 0.037500 0.115278
0 0.794531 0.701389 0.070313 0.044444
0 0.610547 0.867361 0.021094 0.112500
0 0.583984 0.871528 0.049219 0.098611
0 0.681641 0.887500 0.107031 0.041667
0 0.722266 0.938194 0.094531 0.043056
0 0.255469 0.832639 0.031250 0.148611
0 0.072656 0.865972 0.035937 0.120833
0 0.028125 0.940972 0.050000 0.048611
0 0.046484 0.977083 0.039844 0.040278
