0 0.447656 0.146528 0.084375 0.070833
0 0.950781 0.078472 0.082813 0.059722
0 0.939844 0.450694 0.093750 0.068056
0 0.925391 0.893750 0.107031 0.029167
0 0.746484 0.727778 0.041406 0.086111
0 0.664063 0.774306 0.039063 0.115278
0 0.614844 0.703472 0.089062 0.081944
0 0.433984 0.373611 0.036719 0.130556
0 0.345703 0.249306 0.097656 0.065278
0 0.101172 0.209028 0.100781 0.054167
0 0.131641 0.408333 0.039844 0.080556
0 0.231641 0.579167 0.033594 0.144444
0 0.419531 0.751389 0.031250 0.041667
0 0.415625 0.791667 0.056250 0.136111
0 0.548437 0.835417 0.065625 0.087500
0 0.575391 0.988194 0.107031 0.034722
