0 0.066797 0.026389 0.025781 0.052778
0 0.028125 0.071528 0.050000 0.034722
0 0.035937 0.131250 0.073437 0.062500
0 0.017969 0.461806 0.039063 0.065278
0 0.239844 0.286111 0.096875 0.063889
0 0.266016 0.388194 0.044531 0.123611
0 0.224219 0.390972 0.067188 0.098611
0 0.026563 0.877083 0.048437 0.048611
0 0.225391 0.872222 0.103906 0.072222
0 0.360156 0.636111 0.039063 0.169444
0 0.369922 0.934722 0.082031 0.075000
0 0.423828 0.736111 0.099219 0.069444
0 0.522266 0.716667 0.074219 0.055556
0 0.516406 0.677778 0.075000 0.088889
0 0.665234 0.632639 0.047656 0.162500
0 0.715234 0.684722 0.027344 0.116667
0 0.753906 0.406250 0.034375 0.143056
0 0.641797 0.498611 0.085156 0.091667
0 0.510938 0.194444 0.101563 0.036111
0 0.645703 0.169444 0.032031 0.111111
0 0.714063 0.068056 0.100000 0.058333
0 0.677344 0.033333 0.098438 0.061111
0 0.597266 0.028472 0.017969 0.073611
0 0.585938 0.040972 0.021875 0.054167
