0 0.346484 0.028472 0.042969 0.045833
0 0.552734 0.131250 0.027344 0.129167
0 0.537500 0.286111 0.129688 0.038889
0 0.402734 0.134028 0.086719 0.059722
0 0.214844 0.086806 0.050000 0.040278
0 0.219141 0.123611 0.086719 0.113889
0 0.108203 0.269444 0.071094 0.050000
0 0.046875 0.177778 0.081250 0.083333
0 0.280078 0.320833 0.075781 0.050000
0 0.499219 0.401389 0.118750 0.066667
0 0.681250 0.538194 0.045313 0.140278
0 0.774609 0.501389 0.047656 0.063889
0 0.795703 0.627778 0.047656 0.127778
0 0.767187 0.723611 0.081250 0.091667
0 0.661328 0.893056 0.100781 0.041667
0 0.705078 0.937500 0.113281 0.058333
0 0.590234 0.869444 0.016406 0.122222
0 0.564844 0.877083 0.045313 0.106944
0 0.233594 0.831944 0.029687 0.136111
0 0.048047 0.859028 0.047656 0.101389
