0 0.953516 0.043750 0.091406 0.054167
0 0.443359 0.132639 0.088281 0.101389
0 0.426562 0.352778 0.040625 0.116667
0 0.336328 0.245833 0.099219 0.061111
0 0.164453 0.241667 0.117969 0.080556
0 0.223438 0.553472 0.039063 0.154167
0 0.116016 0.401389 0.039844 0.080556
0 0.434375 0.760417 0.039063 0.043056
0 0.456250 0.829167 0.060938 0.102778
0 0.537109 0.816667 0.078906 0.108333
0 0.560547 0.966667 0.102344 0.038889
0 0.639063 0.684028 0.054688 0.115278
0 0.665625 0.770833 0.040625 0.100000
0 0.743359 0.727778 0.050781 0.075000
0 0.910937 0.432639 0.084375 0.090278
0 0.909375 0.888194 0.090625 0.081944
0 0.877734 0.967361 0.033594 0.043056
