0 0.064062 0.031944 0.029687 0.050000
0 0.047656 0.042361 0.003125 0.070833
0 0.036328 0.109028 0.064844 0.056944
0 0.233203 0.286806 0.085156 0.043056
0 0.260938 0.393056 0.028125 0.138889
0 0.225781 0.379861 0.065625 0.081944
0 0.017188 0.466667 0.035937 0.036111
0 0.498437 0.202083 0.087500 0.043056
0 0.714063 0.065972 0.098438 0.054167
0 0.672656 0.018750 0.096875 0.037500
0 0.648438 0.172222 0.050000 0.130556
0 0.760547 0.400694 0.038281 0.118056
0 0.715625 0.661111 0.023438 0.119444
0 0.669922 0.615278 0.049219 0.136111
0 0.638672 0.493056 0.082031 0.094444
0 0.362500 0.636111 0.023438 0.127778
0 0.399219 0.743750 0.079687 0.068056
0 0.369531 0.938889 0.067188 0.097222
0 0.220703 0.877083 0.096094 0.051389
0 0.016797 0.886806 0.041406 0.045833
0 0.512109 0.675694 0.083594 0.037500
0 0.513281 0.725694 0.060938 0.065278
