0 0.195703 0.044444 0.107031 0.069444
0 0.063281 0.108333 0.028125 0.141667
0 0.243359 0.686111 0.044531 0.144444
0 0.353125 0.703472 0.125000 0.051389
0 0.407422 0.604861 0.038281 0.156944
0 0.098828 0.648611 0.080469 0.088889
0 0.157422 0.635417 0.094531 0.098611
0 0.298828 0.351389 0.032031 0.166667
0 0.301562 0.459722 0.087500 0.119444
0 0.396094 0.336111 0.120312 0.050000
0 0.421875 0.319444 0.064062 0.141667
0 0.364844 0.193056 0.079687 0.122222
0 0.512109 0.405556 0.102344 0.086111
0 0.567578 0.320139 0.113281 0.109722
0 0.673047 0.197917 0.067969 0.115278
0 0.539063 0.161806 0.059375 0.109722
0 0.593359 0.240278 0.088281 0.086111
0 0.468359 0.914583 0.033594 0.151389
0 0.694141 0.674306 0.046094 0.140278
0 0.838672 0.822917 0.058594 0.134722
0 0.811719 0.952778 0.118750 0.047222
0 0.965625 0.923611 0.062500 0.072222
0 0.133203 0.300694 0.035156 0.040278
