0 0.648828 0.102778 0.085156 0.130556
0 0.329297 0.359028 0.030469 0.154167
0 0.147656 0.508333 0.035937 0.133333
0 0.250391 0.831944 0.077344 0.105556
0 0.386719 0.606944 0.029687 0.144444
0 0.507813 0.545833 0.095312 0.061111
0 0.601953 0.810417 0.025781 0.151389
0 0.664453 0.677778 0.075781 0.113889
0 0.714453 0.786111 0.060156 0.130556
0 0.688281 0.806250 0.110937 0.062500
0 0.601953 0.921528 0.077344 0.101389
0 0.799219 0.871528 0.093750 0.079167
0 0.819531 0.651389 0.043750 0.100000
0 0.869531 0.717361 0.079687 0.079167
0 0.945313 0.684028 0.060938 0.109722
0 0.847656 0.786111 0.092188 0.075000
